building gmlid; roof surface gmlid; apex flight line; row in apex data; col in apex data; cell geometry; cell area; percentage of deviations; percentage of cell in roof
ID_0599100000338435;RCID_4e80c915-42b9-4639-b7c7-74bbfdc3e395;south;6483;380;LINESTRING (93094.27735187487 433650.8773694289, 93091.58840702809 433650.8880212888, 93089.33088772817 433650.5533266146, 93089.67663159495 433647.0275740678, 93091.93429899815 433647.362264914, 93094.62319062075 433647.3516348452, 93094.27735187487 433650.8773694289);17.552223552808368;0.1012361938119789;0.9732719796873377
ID_0599100000338435;RCID_725c9fc3-0ca4-41ae-b5d1-86643c00cb10;south;6480;383;LINESTRING (93109.85414611516 433640.6105572156, 93107.96264023523 433640.6019781802, 93105.11864995505 433640.7634355103, 93105.4648382913 433637.2347063925, 93108.30866057955 433637.0732765593, 93110.1999719498 433637.0818565465, 93109.85414611516 433640.6105572156);16.656643121909255;0.23355352435158708;0.8776211186997299
ID_0599100000338435;RCID_725c9fc3-0ca4-41ae-b5d1-86643c00cb10;south;6480;384;LINESTRING (93110.20006919798 433637.0818561196, 93108.30866057955 433637.0732765593, 93105.46475430705 433637.2347200279, 93105.81092246121 433633.706197048, 93108.65466079087 433633.5447806809, 93110.54587492556 433633.553361041, 93110.20006919798 433637.0818561196);16.655036937508484;0.14124376628589994;1.0
ID_0599100000338435;RCID_725c9fc3-0ca4-41ae-b5d1-86643c00cb10;south;6480;385;LINESTRING (93110.54597216076 433633.5533606893, 93108.65466079087 433633.5447806809, 93105.81083850113 433633.7062104822, 93106.15663272642 433630.1814994192, 93109.00028729354 433630.0200962888, 93110.89140440416 433630.0286769482, 93110.54597216076 433633.5533606893);16.63641248776121;0.15312684941820018;1.0
ID_0599100000338435;RCID_725c9fc3-0ca4-41ae-b5d1-86643c00cb10;south;6480;386;LINESTRING (93110.89150142767 433630.0286766718, 93109.00028729354 433630.0200962888, 93106.15654896238 433630.1815126262, 93106.50232336005 433626.6570040841, 93109.34589401739 433626.4956140268, 93111.23691391828 433626.504194903, 93110.89150142767 433630.0286766718);16.634824235500385;0.22520210368892307;0.883929434529711
ID_0599100000338435;RCID_725c9fc3-0ca4-41ae-b5d1-86643c00cb10;south;6481;383;LINESTRING (93105.11873396394 433640.7634216789, 93102.27474365768 433640.9248790212, 93100.1409901313 433640.5796003167, 93100.48712137742 433637.050885059, 93102.62093199257 433637.3961498667, 93105.46475430705 433637.2347200279, 93105.11873396394 433640.7634216789);17.6285030491418;0.24360455856823493;0.9466363334814512
ID_0599100000338435;RCID_725c9fc3-0ca4-41ae-b5d1-86643c00cb10;south;6481;384;LINESTRING (93105.4648382913 433637.2347063925, 93102.62093199257 433637.3961498667, 93100.48714991956 433637.0508781382, 93100.83326100075 433633.5223688681, 93102.96710014541 433633.8676268535, 93105.81083850113 433633.7062104822, 93105.4648382913 433637.2347063925);17.627280668263797;0.27744749919673;1.0
ID_0599100000338435;RCID_725c9fc3-0ca4-41ae-b5d1-86643c00cb10;south;6481;385;LINESTRING (93105.81092246121 433633.706197048, 93102.96710014541 433633.8676268535, 93100.83328953435 433633.5223620211, 93101.17902676243 433629.9976645109, 93103.3128943691 433630.3429157546, 93106.15654896238 433630.1815126262, 93105.81092246121 433633.706197048);17.608045504772797;0.1665836287098297;1.0000000000000002
ID_0599100000338435;RCID_725c9fc3-0ca4-41ae-b5d1-86643c00cb10;south;6481;386;LINESTRING (93106.15663272642 433630.1814994192, 93103.3128943691 433630.3429157546, 93101.17905522892 433629.9976577474, 93101.52477264711 433626.4731626182, 93103.65866876551 433626.8184071835, 93106.50223944892 433626.65701712, 93106.15663272642 433630.1814994192);17.606841440469445;0.19480729683438094;1.0
ID_0599100000338435;RCID_725c9fc3-0ca4-41ae-b5d1-86643c00cb10;south;6481;387;LINESTRING (93106.50232336005 433626.6570040841, 93103.65866876551 433626.8184071835, 93101.52480116321 433626.47315591, 93101.87085279668 433622.945254011, 93104.00477741814 433623.2904919733, 93106.84826421585 433623.1291147782, 93106.50232336005 433626.6570040841);17.623667148309217;0.2394418008429787;1.0
ID_0599100000338435;RCID_725c9fc3-0ca4-41ae-b5d1-86643c00cb10;south;6481;388;LINESTRING (93106.84834810285 433623.1291019438, 93104.00477741814 433623.2904919733, 93101.870881304 433622.9452473797, 93102.21691344152 433619.4175446557, 93104.35086655745 433619.7627760908, 93107.19426949356 433619.60141156, 93106.84834810285 433623.1291019438);17.62247894604225;0.17454554880642018;0.9994999272697188
ID_0599100000338435;RCID_725c9fc3-0ca4-41ae-b5d1-86643c00cb10;south;6481;389;LINESTRING (93107.19435335638 433619.601398923, 93104.35086655745 433619.7627760908, 93102.21694194019 433619.4175380981, 93102.56295474683 433615.8900328308, 93104.69693634822 433616.2352578014, 93107.54025544747 433616.0739057387, 93107.19435335638 433619.601398923);17.621299404690976;0.20960491392601036;0.8118493658461017
ID_0599100000338435;RCID_725c9fc3-0ca4-41ae-b5d1-86643c00cb10;south;6482;386;LINESTRING (93101.17902676243 433629.9976645109, 93099.04518760758 433629.6524064986, 93096.35640240507 433629.6629943078, 93096.70217289097 433626.1384788202, 93099.39090502997 433626.1279113397, 93101.52480116321 433626.47315591, 93101.17902676243 433629.9976645109);17.11307683663373;0.2817927035965362;0.9746694727225811
ID_0599100000338435;RCID_725c9fc3-0ca4-41ae-b5d1-86643c00cb10;south;6482;387;LINESTRING (93101.52477264711 433626.4731626182, 93099.39090502997 433626.1279113397, 93096.70214633897 433626.1384889185, 93097.04825106739 433622.6105668808, 93099.73695666768 433622.6000094134, 93101.870881304 433622.9452473797, 93101.52477264711 433626.4731626182);17.129625932950212;0.22803152340031074;0.9999999999999998
ID_0599100000338435;RCID_725c9fc3-0ca4-41ae-b5d1-86643c00cb10;south;6482;388;LINESTRING (93101.87085279668 433622.945254011, 93099.73695666768 433622.6000094134, 93097.04822452896 433622.610576858, 93097.39430973504 433619.0828542454, 93100.08298880962 433619.072306664, 93102.21694194019 433619.4175380981, 93101.87085279668 433622.945254011);17.128666463355177;0.17719045953131757;1.0
ID_0599100000338435;RCID_725c9fc3-0ca4-41ae-b5d1-86643c00cb10;south;6482;389;LINESTRING (93102.21691344152 433619.4175446557, 93100.08298880962 433619.072306664, 93097.39428320964 433619.0828640997, 93097.740349058 433615.5553391821, 93100.42900162059 433615.5448013734, 93102.56298323693 433615.8900263472, 93102.21691344152 433619.4175446557);17.12771535443147;0.24665787915942775;1.0000000000000002
ID_0599100000338435;RCID_725c9fc3-0ca4-41ae-b5d1-86643c00cb10;south;6482;390;LINESTRING (93102.56295474683 433615.8900328308, 93100.42900162059 433615.5448013734, 93097.74032254615 433615.5553489181, 93098.08601539467 433612.0316264892, 93100.77464151224 433612.0210983056, 93102.90865154751 433612.3663169047, 93102.56295474683 433615.8900328308);17.109261370045218;0.1924293280900701;1.0
ID_0599100000338435;RCID_725c9fc3-0ca4-41ae-b5d1-86643c00cb10;south;6482;391;LINESTRING (93102.90862312436 433612.3663233081, 93100.77464151224 433612.0210983056, 93098.08598895012 433612.031636086, 93098.43166279663 433608.5081077725, 93101.12026242867 433608.497589111, 93103.25337830751 433608.8337755173, 93102.90862312436 433612.3663233081);17.11461372616214;0.13569006089004845;0.989446271021719
ID_0599100000338435;RCID_725c9fc3-0ca4-41ae-b5d1-86643c00cb10;south;6482;392;LINESTRING (93103.25427245957 433608.8428077369, 93101.12026242867 433608.497589111, 93098.43163631132 433608.5081172665, 93098.77764513415 433604.9811748912, 93101.46621829367 433604.9706656324, 93103.59737810885 433605.2879100115, 93103.25427245957 433608.8428077369);17.144283309127758;0.08898227266634948;0.7151563342747027
ID_0599100000338435;RCID_725c9fc3-0ca4-41ae-b5d1-86643c00cb10;south;6483;388;LINESTRING (93097.04825106739 433622.6105668808, 93094.35951890502 433622.6211343256, 93092.10140715487 433622.2864534117, 93092.44734427103 433618.7587336212, 93094.70560411131 433619.0934116831, 93097.39428320964 433619.0828640997, 93097.04825106739 433622.6105668808);17.56338028995225;0.19016639592080203;0.7133511587486671
ID_0599100000338435;RCID_725c9fc3-0ca4-41ae-b5d1-86643c00cb10;south;6483;389;LINESTRING (93097.39430973504 433619.0828542454, 93094.70560411131 433619.0934116831, 93092.44741831318 433618.7587322085, 93092.79333609207 433615.2312099949, 93095.05166996014 433615.5658867361, 93097.74032254615 433615.5553489181, 93097.39430973504 433619.0828542454);17.56256704461428;0.1549549899171829;0.9835833559500122
ID_0599100000338435;RCID_725c9fc3-0ca4-41ae-b5d1-86643c00cb10;south;6483;390;LINESTRING (93097.740349058 433615.5553391821, 93095.05166996014 433615.5658867361, 93092.79341012408 433615.2312086449, 93093.13895507448 433611.7074887941, 93095.3973628089 433612.042164273, 93098.08598895012 433612.031636086, 93097.740349058 433615.5553391821);17.543806168630095;0.18906079675513457;1.0
ID_0599100000338435;RCID_725c9fc3-0ca4-41ae-b5d1-86643c00cb10;south;6483;391;LINESTRING (93098.08601539467 433612.0316264892, 93095.3973628089 433612.042164273, 93093.13902894495 433611.7074875093, 93093.48455491359 433608.1839616527, 93095.74303665551 433608.5186359294, 93098.43163631132 433608.5081172665, 93098.08601539467 433612.0316264892);17.54301051031739;0.27613076854259505;1.0
ID_0599100000338435;RCID_725c9fc3-0ca4-41ae-b5d1-86643c00cb10;south;6483;392;LINESTRING (93098.43166279663 433608.5081077725, 93095.74303665551 433608.5186359294, 93093.48462892533 433608.1839604225, 93093.83048973882 433604.657020384, 93096.08904547858 433604.9916935214, 93098.77761866187 433604.9811842609, 93098.43166279663 433608.5081077725);17.56017931072891;0.18175848025794317;1.0
ID_0599100000338435;RCID_725c9fc3-0ca4-41ae-b5d1-86643c00cb10;south;6483;393;LINESTRING (93098.77764513415 433604.9811748912, 93096.08904547858 433604.9916935214, 93093.83056374076 433604.657019219, 93094.17605228354 433601.1338758535, 93096.43468186 433601.468547916, 93099.12029445148 433601.4303507049, 93098.77764513415 433604.9811748912);17.568739565581115;0.09938989166596882;1.0
ID_0599100000338435;RCID_725c9fc3-0ca4-41ae-b5d1-86643c00cb10;south;6483;394;LINESTRING (93099.12325504288 433601.4580386847, 93096.43468186 433601.468547916, 93094.17612612422 433601.133874753, 93094.52159618508 433597.6109202817, 93096.78029973904 433597.9455913251, 93099.46586193985 433597.9076473914, 93099.12325504288 433601.4580386847);17.567641346456494;0.20725236899121635;0.9503333208393118
ID_0599100000338435;RCID_725c9fc3-0ca4-41ae-b5d1-86643c00cb10;south;6484;391;LINESTRING (93093.13895507448 433611.7074887941, 93090.88062119394 433611.3728120275, 93088.60268021659 433611.4467702535, 93088.94811867215 433607.9232075502, 93091.22614716656 433607.8492861424, 93093.48462892533 433608.1839604225, 93093.13895507448 433611.7074887941);16.074260277470962;0.10478244330047085;0.8255897881158432
ID_0599100000338435;RCID_725c9fc3-0ca4-41ae-b5d1-86643c00cb10;south;6484;392;LINESTRING (93093.48455491359 433608.1839616527, 93091.22614716656 433607.8492861424, 93088.94816248062 433607.9232258998, 93089.2939356701 433604.3962492417, 93091.57200798416 433604.3223460778, 93093.83056374076 433604.657019219, 93093.48455491359 433608.1839616527);16.090256321847516;0.20539240333210113;1.0
ID_0599100000338435;RCID_725c9fc3-0ca4-41ae-b5d1-86643c00cb10;south;6484;393;LINESTRING (93093.83048973882 433604.657020384, 93091.57200798416 433604.3223460778, 93089.29397948924 433604.396267458, 93089.63938047642 433600.8730877868, 93091.9174965315 433600.7992026894, 93094.17612612422 433601.133874753, 93093.83048973882 433604.657020384);16.073355627178056;0.2792958001451545;1.0
ID_0599100000338435;RCID_725c9fc3-0ca4-41ae-b5d1-86643c00cb10;south;6484;394;LINESTRING (93094.17605228354 433601.1338758535, 93091.9174965315 433600.7992026894, 93089.63942421673 433600.8731058282, 93089.98480670017 433597.3501153219, 93092.26296659635 433597.2762481964, 93094.52167016722 433597.6109192368, 93094.17605228354 433601.1338758535);16.072914365235842;0.24332604709628877;1.0000000000000002
ID_0599100000338435;RCID_725c9fc3-0ca4-41ae-b5d1-86643c00cb10;south;6484;395;LINESTRING (93094.52159618508 433597.6109202817, 93092.26296659635 433597.2762481964, 93089.98485054082 433597.3501332659, 93090.33056820063 433593.8237242932, 93092.60877194887 433593.7498750056, 93094.86459125506 433594.0573031899, 93094.52159618508 433597.6109202817);16.10927564502058;0.12930687001719965;1.0
ID_0599100000338435;RCID_725c9fc3-0ca4-41ae-b5d1-86643c00cb10;south;6484;396;LINESTRING (93094.86747551538 433594.0845460742, 93092.60877194887 433593.7498750056, 93090.33061205217 433593.8237421043, 93090.67595806548 433590.3011244443, 93092.95420558692 433590.2272928227, 93095.2100748026 433590.5349637028, 93094.86747551538 433594.0845460742);16.092131893369373;0.18634473406242505;1.0
ID_0599100000338435;RCID_725c9fc3-0ca4-41ae-b5d1-86643c00cb10;south;6484;397;LINESTRING (93095.21002488906 433590.5347210323, 93092.95420558692 433590.2272928227, 93090.67600183797 433590.3011420829, 93091.02132984728 433586.7787084914, 93093.29866382289 433586.6963392692, 93095.55554046147 433587.0128085663, 93095.21002488906 433590.5347210323);16.07053166509043;0.1492264736042752;0.8814727567971901
ID_0599100000338435;RCID_725c9fc3-0ca4-41ae-b5d1-86643c00cb10;south;6485;394;LINESTRING (93089.63938047642 433600.8730877868, 93087.36130814493 433600.9469909272, 93084.38379850191 433600.784845831, 93084.72920228378 433597.2618523401, 93087.70669062779 433597.4240003934, 93089.98485054082 433597.3501332659, 93089.63938047642 433600.8730877868);18.545928130617668;0.17541274031094695;0.7912003398722538
ID_0599100000338435;RCID_725c9fc3-0ca4-41ae-b5d1-86643c00cb10;south;6485;395;LINESTRING (93089.98480670017 433597.3501153219, 93087.70669062779 433597.4240003934, 93084.72919162747 433597.2618537761, 93085.07493059579 433593.7354419275, 93088.05240828713 433593.897591395, 93090.33061205217 433593.8237421043, 93089.98480670017 433597.3501153219);18.56404756010675;0.29722041395524557;0.9964614577176057
ID_0599100000338435;RCID_725c9fc3-0ca4-41ae-b5d1-86643c00cb10;south;6485;396;LINESTRING (93090.33056820063 433593.8237242932, 93088.05240828713 433593.897591395, 93085.07491994534 433593.7354433069, 93085.42028723416 433590.2128228808, 93088.39775429988 433590.3749737085, 93090.67600183797 433590.3011420829, 93090.33056820063 433593.8237242932);18.544212600747223;0.19480419231518092;1.0
ID_0599100000338435;RCID_725c9fc3-0ca4-41ae-b5d1-86643c00cb10;south;6485;397;LINESTRING (93090.67595806548 433590.3011244443, 93088.39775429988 433590.3749737085, 93085.42027661088 433590.2128242052, 93085.76562588429 433586.69038795, 93088.74308230844 433586.8525400867, 93091.02041630089 433586.7701708667, 93090.67595806548 433590.3011244443);18.54998451893442;0.18053640555860273;0.9999999999999998
ID_0599100000338435;RCID_725c9fc3-0ca4-41ae-b5d1-86643c00cb10;south;6485;398;LINESTRING (93091.02132984728 433586.7787084914, 93088.74308230844 433586.8525400867, 93085.76561524509 433586.6903892267, 93086.11130014897 433583.1645300849, 93089.08874593716 433583.3266834862, 93091.36406536971 433583.2263960722, 93091.02132984728 433586.7787084914);18.581903315435426;0.2220062332413977;1.0000000000000002
ID_0599100000338435;RCID_725c9fc3-0ca4-41ae-b5d1-86643c00cb10;south;6485;399;LINESTRING (93091.36607993022 433583.2443142873, 93089.08874593716 433583.3266834862, 93086.11128951536 433583.1645313131, 93086.45660329345 433579.6424579344, 93089.43403847318 433579.8046125397, 93091.70937782826 433579.704585947, 93091.36607993022 433583.2443142873);18.548888399099173;0.18364621724181565;0.9928531367024371
ID_0599100000338435;RCID_725c9fc3-0ca4-41ae-b5d1-86643c00cb10;south;6486;397;LINESTRING (93085.42028723416 433590.2128228808, 93082.44280951604 433590.050673375, 93079.90577211988 433590.0029661824, 93080.25047938604 433586.4721426456, 93082.78815879185 433586.5282370865, 93085.76561524509 433586.6903892267, 93085.42028723416 433590.2128228808);19.51016241878063;0.15731152824182368;0.7173723955508057
ID_0599100000338435;RCID_725c9fc3-0ca4-41ae-b5d1-86643c00cb10;south;6486;398;LINESTRING (93085.76562588429 433586.69038795, 93082.78815879185 433586.5282370865, 93080.25036786686 433586.4721380671, 93080.59627579845 433582.9462880962, 93083.13384369793 433583.0023779093, 93086.11128951536 433583.1645313131, 93085.76562588429 433586.69038795);19.521026016274725;0.1651690255051455;0.9713171921137351
ID_0599100000338435;RCID_725c9fc3-0ca4-41ae-b5d1-86643c00cb10;south;6486;399;LINESTRING (93086.11130014897 433583.1645300849, 93083.13384369793 433583.0023779093, 93080.59616429318 433582.9462834362, 93080.94170084331 433579.4242193861, 93083.47915747834 433579.4803045013, 93086.45659268729 433579.642459103, 93086.11130014897 433583.1645300849);19.499635044404712;0.12837694229316393;0.7197298362328965
ID_0599100000338435;RCID_893f6b2c-2376-4f97-90eb-f1d74ae0fefa;south;6482;382;LINESTRING (93099.79422063177 433644.1178948403, 93097.66049564592 433643.7726090931, 93094.97160404727 433643.7832391309, 93095.31780885388 433640.2542948168, 93098.00664722805 433640.2436861072, 93100.14042932034 433640.5889578162, 93099.79422063177 433644.1178948403);17.134545459277778;0.2641698996592578;0.9681253558849303
ID_0599100000338435;RCID_893f6b2c-2376-4f97-90eb-f1d74ae0fefa;south;6482;383;LINESTRING (93100.14040076925 433640.5889648049, 93098.00664722805 433640.2436861072, 93095.31778224854 433640.2543054073, 93095.6639666964 433636.725569033, 93098.352778478 433636.7149708215, 93100.48658910824 433637.0602356307, 93100.14040076925 433640.5889648049);17.133544621034755;0.16343577139296683;0.9624242974477669
ID_0599100000338435;RCID_893f6b2c-2376-4f97-90eb-f1d74ae0fefa;south;6483;381;LINESTRING (93094.62578594618 433647.3087628198, 93091.93686774555 433647.3194036983, 93089.67927431516 433646.9847109569, 93090.02499753109 433643.4591694267, 93092.28273904383 433643.7938584598, 93094.97160404727 433643.7832391309, 93094.62578594618 433647.3087628198);17.55134345631469;0.24719981811654895;0.7385294457663488
ID_0599100000338435;RCID_893f6b2c-2376-4f97-90eb-f1d74ae0fefa;south;6483;382;LINESTRING (93094.97163066626 433643.783228422, 93092.28273904383 433643.7938584598, 93090.02507164501 433643.4591675921, 93090.3711282388 433639.9302268381, 93092.62894385072 433640.2649141183, 93095.31778224854 433640.2543054073, 93094.97163066626 433643.783228422);17.568436317826716;0.15851874475310287;0.9999999999999998
ID_0599100000338435;RCID_893f6b2c-2376-4f97-90eb-f1d74ae0fefa;south;6483;383;LINESTRING (93095.31780885388 433640.2542948168, 93092.62894385072 433640.2649141183, 93090.37120234227 433639.9302250595, 93090.71723859831 433636.4014921248, 93092.97512829899 433636.7361777177, 93095.66394010423 433636.725579501, 93095.31780885388 433640.2542948168);17.5675722455587;0.23752011732537046;1.0000000000000002
ID_0599100000338435;RCID_893f6b2c-2376-4f97-90eb-f1d74ae0fefa;south;6483;384;LINESTRING (93095.6639666964 433636.725569033, 93092.97512829899 433636.7361777177, 93090.71731269138 433636.4014904117, 93091.06332877677 433632.8729635933, 93093.32129255612 433633.2076475554, 93096.0100777824 433633.1970597144, 93095.6639666964 433636.725569033);17.566716618208662;0.3982692151133399;1.0000000000000002
ID_0599100000338435;RCID_893f6b2c-2376-4f97-90eb-f1d74ae0fefa;south;6483;385;LINESTRING (93096.01010436111 433633.1970493686, 93093.32129255612 433633.2076475554, 93091.06340285946 433632.8729619397, 93091.40904518223 433629.3482470138, 93093.66708287879 433629.6829294129, 93096.35584159369 433629.6723517986, 93096.01010436111 433633.1970493686);17.54790931674021;0.129293485276876;1.0
ID_0599100000338435;RCID_893f6b2c-2376-4f97-90eb-f1d74ae0fefa;south;6483;386;LINESTRING (93096.35586810485 433629.6723415981, 93093.66708287879 433629.6829294129, 93091.40911910347 433629.3482454218, 93091.75474161014 433625.8237329987, 93094.01285336456 433626.1584138894, 93096.70158552733 433626.1478464094, 93096.35586810485 433629.6723415981);17.54707146367205;0.1871047731519606;0.9380299556136845
ID_0599100000338435;RCID_893f6b2c-2376-4f97-90eb-f1d74ae0fefa;south;6484;383;LINESTRING (93090.3711282388 433639.9302268381, 93088.11338671355 433639.5955377726, 93085.83579564988 433639.6696489008, 93086.18174447346 433636.1408769235, 93088.45942297395 433636.0668048151, 93090.71731269138 433636.4014904117, 93090.3711282388 433639.9302268381);16.094645272333015;0.14307898484464288;0.9637703699178112
ID_0599100000338435;RCID_893f6b2c-2376-4f97-90eb-f1d74ae0fefa;south;6484;384;LINESTRING (93090.71723859831 433636.4014921248, 93088.45942297395 433636.0668048151, 93086.1817881969 433636.1408963541, 93086.52771682864 433632.6123307591, 93088.8054390633 433632.5382779681, 93091.06340285946 433632.8729619397, 93090.71723859831 433636.4014921248);16.094126603403648;0.12018289574399338;0.9999999999999998
ID_0599100000338435;RCID_893f6b2c-2376-4f97-90eb-f1d74ae0fefa;south;6484;385;LINESTRING (93091.06332877677 433632.8729635933, 93088.8054390633 433632.5382779681, 93086.52776056252 433632.6123500543, 93086.87331550012 433629.0875966629, 93089.15108139039 433629.0135630196, 93091.40911910347 433629.3482454218, 93091.06332877677 433632.8729635933);16.077160503506818;0.24764151983149968;1.0
ID_0599100000338435;RCID_893f6b2c-2376-4f97-90eb-f1d74ae0fefa;south;6484;386;LINESTRING (93091.40904518223 433629.3482470138, 93089.15108139039 433629.0135630196, 93086.87335915519 433629.0876157831, 93087.2188942553 433625.5630651659, 93089.49670390127 433625.4890505733, 93091.75481567254 433625.8237314674, 93091.40904518223 433629.3482470138);16.076657724646715;0.25736893857689896;1.0
ID_0599100000338435;RCID_893f6b2c-2376-4f97-90eb-f1d74ae0fefa;south;6484;387;LINESTRING (93091.75474161014 433625.8237329987, 93089.49670390127 433625.4890505733, 93087.21893801037 433625.5630841904, 93087.56480711175 433622.0351271332, 93089.84266052401 433621.9611314581, 93092.10084634305 433622.2958109082, 93091.75474161014 433625.8237329987);16.09261769224979;0.12915121636191634;1.0
ID_0599100000338435;RCID_893f6b2c-2376-4f97-90eb-f1d74ae0fefa;south;6484;388;LINESTRING (93092.10077229072 433622.2958123743, 93089.84266052401 433621.9611314581, 93087.56485087746 433622.0351460221, 93087.91070045508 433618.5073885392, 93090.18859764411 433618.4334116383, 93092.44685750124 433618.7680897054, 93092.10077229072 433622.2958123743);16.092129815547107;0.19161507914285963;1.0
ID_0599100000338435;RCID_893f6b2c-2376-4f97-90eb-f1d74ae0fefa;south;6484;389;LINESTRING (93092.44678345925 433618.7680911181, 93090.18859764411 433618.4334116383, 93087.91074423137 433618.5074072917, 93088.25657445057 433614.9798476524, 93090.5345154274 433614.9058893978, 93092.79284931207 433615.2405661397, 93092.44678345925 433618.7680911181);16.09164973119712;0.26708055214236237;0.9061687680448635
ID_0599100000338435;RCID_893f6b2c-2376-4f97-90eb-f1d74ae0fefa;south;6485;386;LINESTRING (93086.87331550012 433629.0875966629, 93084.59559324803 433629.1616494344, 93081.61799812797 433628.9995183884, 93081.96355461807 433625.4749639507, 93084.94112834765 433625.6370987861, 93087.21893801037 433625.5630841904, 93086.87331550012 433629.0875966629);18.553150644471636;0.19557296708839772;0.9652599354110305
ID_0599100000338435;RCID_893f6b2c-2376-4f97-90eb-f1d74ae0fefa;south;6485;387;LINESTRING (93087.2188942553 433625.5630651659, 93084.94112834765 433625.6370987861, 93081.9635439159 433625.474965807, 93082.30943441732 433621.947005031, 93085.28699744855 433622.1091417074, 93087.56485087746 433622.0351460221, 93087.2188942553 433625.5630651659);18.571205908434365;0.2210032775204456;1.0
ID_0599100000338435;RCID_893f6b2c-2376-4f97-90eb-f1d74ae0fefa;south;6485;388;LINESTRING (93087.56480711175 433622.0351271332, 93085.28699744855 433622.1091417074, 93082.30942372122 433621.9470068359, 93082.6552946876 433618.4192457373, 93085.63284702561 433618.5813841966, 93087.91074423137 433618.5074072917, 93087.56480711175 433622.0351271332);18.570279350105185;0.20861282687049584;1.0
ID_0599100000338435;RCID_893f6b2c-2376-4f97-90eb-f1d74ae0fefa;south;6485;389;LINESTRING (93087.91070045508 433618.5073885392, 93085.63284702561 433618.5813841966, 93082.65528399701 433618.4192474876, 93083.00113559345 433614.8916843403, 93085.97867724407 433615.053824527, 93088.25661823773 433614.979866272, 93087.91070045508 433618.5073885392);18.569361862869386;0.15669735982991562;0.9999999999999998
ID_0599100000338435;RCID_893f6b2c-2376-4f97-90eb-f1d74ae0fefa;south;6485;390;LINESTRING (93088.25657445057 433614.9798476524, 93085.97867724407 433615.053824527, 93083.00112490854 433614.8916860371, 93083.3466037113 433611.3679256722, 93086.32413470259 433611.5300675369, 93088.60211940475 433611.4561277512, 93088.25657445057 433614.9798476524);18.549467963285387;0.21686837550984017;0.9999999999999998
ID_0599100000338435;RCID_893f6b2c-2376-4f97-90eb-f1d74ae0fefa;south;6485;391;LINESTRING (93088.60207569654 433611.4561093062, 93086.32413470259 433611.5300675369, 93083.34659305392 433611.3679273123, 93083.69205284202 433607.844361314, 93086.66957315736 433608.0065048005, 93088.94760166862 433607.9325833943, 93088.60207569654 433611.4561093062);18.548569185936266;0.29177627670434136;0.9999878888868006
ID_0599100000338435;RCID_893f6b2c-2376-4f97-90eb-f1d74ae0fefa;south;6485;392;LINESTRING (93088.94755786013 433607.9325650475, 93086.66957315736 433608.0065048005, 93083.69204216864 433607.8443629091, 93084.03783670074 433604.3173830549, 93087.01534634607 433604.4795281205, 93089.29341867709 433604.4056249526, 93088.94755786013 433607.9325650475);18.566664532583776;0.18974383839624112;0.8425049394717568
ID_0599100000338435;RCID_893f6b2c-2376-4f97-90eb-f1d74ae0fefa;south;6486;389;LINESTRING (93082.6552946876 433618.4192457373, 93079.67773162978 433618.2571090261, 93077.13893707702 433618.20097282, 93077.48583260135 433614.6822640511, 93080.02358322844 433614.7295458483, 93083.00112490854 433614.8916860371, 93082.6552946876 433618.4192457373);19.520163131113762;0.16126054218968736;0.9454254037687466
ID_0599100000338435;RCID_893f6b2c-2376-4f97-90eb-f1d74ae0fefa;south;6486;390;LINESTRING (93083.00113559345 433614.8916843403, 93080.02358322844 433614.7295458483, 93077.48490032286 433614.6734134416, 93077.83329315779 433611.1781689999, 93080.36906203371 433611.2057854479, 93083.34659305392 433611.3679273123, 93083.00113559345 433614.8916843403);19.46708089607943;0.1591280228749306;1.0
ID_0599100000338435;RCID_893f6b2c-2376-4f97-90eb-f1d74ae0fefa;south;6486;391;LINESTRING (93083.3466037113 433611.3679256722, 93080.36906203371 433611.2057854479, 93077.83131140748 433611.1585036224, 93078.17888850564 433607.6543628614, 93080.714521824 433607.6822194142, 93083.69204216864 433607.8443629091, 93083.3466037113 433611.3679256722);19.47411615111812;0.1493156647082367;0.9999999999999998
ID_0599100000338435;RCID_893f6b2c-2376-4f97-90eb-f1d74ae0fefa;south;6486;392;LINESTRING (93083.69205284202 433607.844361314, 93080.714521824 433607.6822194142, 93078.17875294876 433607.6546029383, 93078.52481858215 433604.1271429615, 93081.06031635856 433604.1552395308, 93084.03782603305 433604.3173845961, 93083.69205284202 433607.844361314);19.511089062046413;0.23268606111775275;1.0
ID_0599100000338435;RCID_893f6b2c-2376-4f97-90eb-f1d74ae0fefa;south;6486;393;LINESTRING (93084.03783670074 433604.3173830549, 93081.06031635856 433604.1552395308, 93078.52468304086 433604.127382947, 93078.87037613065 433600.6037207497, 93081.40573865775 433600.6320567423, 93084.3832376895 433600.794203321, 93084.03783670074 433604.3173830549);19.48965242181335;0.25830905327105497;1.0000000000000004
ID_0599100000338435;RCID_893f6b2c-2376-4f97-90eb-f1d74ae0fefa;south;6486;394;LINESTRING (93084.3832483299 433600.7942018396, 93081.40573865775 433600.6320567423, 93078.87024088189 433600.6039601446, 93079.21591542591 433597.0804874085, 93081.75114244167 433597.1090632156, 93084.72863081498 433597.2712112686, 93084.3832483299 433600.7942018396);19.48817375705658;0.1703527014902229;1.0
ID_0599100000338435;RCID_893f6b2c-2376-4f97-90eb-f1d74ae0fefa;south;6486;395;LINESTRING (93084.72864147116 433597.2712098358, 93081.75114244167 433597.1090632156, 93079.21577991545 433597.080727198, 93079.55984401521 433593.5349441715, 93082.09688141239 433593.5826513355, 93085.07435913276 433593.7448008016, 93084.72864147116 433597.2712098358);19.53726924204268;0.1637180342639785;0.889497403218683
ID_0599100000338435;RCID_893f6b2c-2376-4f97-90eb-f1d74ae0fefa;south;6487;392;LINESTRING (93078.17888850564 433607.6543628614, 93075.64311960913 433607.6267463771, 93072.9496656429 433607.4923903278, 93073.29582055287 433603.964930455, 93075.98918524335 433604.0992863778, 93078.52468304086 433604.127382947, 93078.17888850564 433607.6543628614);18.50076843947658;0.10912430366649334;0.9440038084619564
ID_0599100000338435;RCID_893f6b2c-2376-4f97-90eb-f1d74ae0fefa;south;6487;393;LINESTRING (93078.52481858215 433604.1271429615, 93075.98918524335 433604.0992863778, 93073.29577591964 433603.9649303469, 93073.64155817959 433600.4412683514, 93076.33487833383 433600.5756241556, 93078.87024088189 433600.6039601446, 93078.52481858215 433604.1271429615);18.48029861904303;0.12372516408722445;0.9999999999999997
ID_0599100000338435;RCID_893f6b2c-2376-4f97-90eb-f1d74ae0fefa;south;6487;394;LINESTRING (93078.87037613065 433600.6037207497, 93076.33487833383 433600.5756241556, 93073.64151364529 433600.4412681945, 93073.98727734454 433596.9177957579, 93076.68055287852 433597.0521513849, 93079.21577991545 433597.080727198, 93078.87037613065 433600.6037207497);18.478753203023977;0.23022012611061826;1.0
ID_0599100000338435;RCID_893f6b2c-2376-4f97-90eb-f1d74ae0fefa;south;6487;395;LINESTRING (93079.21591542591 433597.0804874085, 93076.68055287852 433597.0521513849, 93073.98723272645 433596.9177955542, 93074.33333193556 433593.3909045591, 93077.02461697903 433593.5063683273, 93079.56165439748 433593.5540754963, 93079.21591542591 433597.0804874085);18.54535753076085;0.28161649755106916;1.0
ID_0599100000338435;RCID_893f6b2c-2376-4f97-90eb-f1d74ae0fefa;south;6487;396;LINESTRING (93079.55984401521 433593.5349441715, 93077.02461697903 433593.5063683273, 93074.3313414469 433593.372012672, 93074.67706856289 433589.8489138815, 93077.3674203601 433589.9562246867, 93079.90521130702 433590.0123236785, 93079.55984401521 433593.5349441715);18.546156591493837;0.16568355299974438;1.0
ID_0599100000338435;RCID_893f6b2c-2376-4f97-90eb-f1d74ae0fefa;south;6487;397;LINESTRING (93079.90445777748 433590.0039318833, 93077.3674203601 433589.9562246867, 93074.67613531809 433589.8407608866, 93075.02184437361 433586.3178465675, 93077.71212762728 433586.4254011217, 93080.24980705424 433586.4814955601, 93079.90445777748 433590.0039318833);18.49476835875713;0.1549578141660657;1.0000000000000002
ID_0599100000338435;RCID_893f6b2c-2376-4f97-90eb-f1d74ae0fefa;south;6487;398;LINESTRING (93080.24991857322 433586.4815001354, 93077.71212762728 433586.4254011217, 93075.0217758317 433586.3180902819, 93075.36782084069 433582.7917528785, 93078.0580355596 433582.899551119, 93080.59560348015 433582.95564093, 93080.24991857322 433586.4815001354);18.490288153344554;0.28662252574241576;0.8904620530905847
ID_0599100000338435;RCID_893f6b2c-2376-4f97-90eb-f1d74ae0fefa;south;6488;395;LINESTRING (93073.98727734454 433596.9177957579, 93071.29395716857 433596.7834399269, 93068.93734286705 433596.8580137364, 93069.28340825796 433593.3310917635, 93071.64005637961 433593.2565489045, 93074.3313414469 433593.372012672, 93073.98727734454 433596.9177957579);17.849808215100666;0.08542444451483545;0.961573875794111
ID_0599100000338435;RCID_893f6b2c-2376-4f97-90eb-f1d74ae0fefa;south;6488;396;LINESTRING (93074.33333193556 433593.3909045591, 93071.64005637961 433593.2565489045, 93069.28342517401 433593.3311071553, 93069.62911848124 433589.8079776962, 93071.98578349716 433589.7334500841, 93074.67613531809 433589.8407608866, 93074.33333193556 433593.3909045591);17.838494192400958;0.1990107618712085;1.0
ID_0599100000338435;RCID_893f6b2c-2376-4f97-90eb-f1d74ae0fefa;south;6488;397;LINESTRING (93074.67706856289 433589.8489138815, 93071.98578349716 433589.7334500841, 93069.6291353752 433589.8079929182, 93069.97481059644 433586.2850481997, 93072.33149255406 433586.2105357293, 93075.0217758317 433586.3180902819, 93074.67706856289 433589.8489138815);17.805138349957673;0.24836041809811032;0.9999999999999998
ID_0599100000338435;RCID_9653a94a-07f2-49c3-99ec-c12bbe1f34a0;south;6484;379;LINESTRING (93089.00012034108 433653.8242859691, 93086.74267516511 433653.4895892938, 93084.46525875974 433653.5637800902, 93084.81128998328 433650.0341659467, 93087.08879374107 433649.9600152484, 93089.34638719232 433650.2947079695, 93089.00012034108 433653.8242859691);16.096795925811175;0.2079051670140744;0.8810153992724818
ID_0599100000338435;RCID_9653a94a-07f2-49c3-99ec-c12bbe1f34a0;south;6484;380;LINESTRING (93089.34631305753 433650.2947099275, 93087.08879374107 433649.9600152484, 93084.81133366437 433650.0341859165, 93085.15699025444 433646.5083935553, 93087.43453761531 433646.4342626769, 93089.69220503476 433646.7689535273, 93089.34631305753 433650.2947099275);16.079788666222008;0.29791770175774945;0.8088610547216428
ID_0599100000338435;RCID_9653a94a-07f2-49c3-99ec-c12bbe1f34a0;south;6484;381;LINESTRING (93089.6921310621 433646.7689554201, 93087.43453761531 433646.4342626769, 93085.15703385673 433646.5084133472, 93085.50266977446 433642.9828322727, 93087.7802608379 433642.9087211216, 93090.03800236712 433643.2434101601, 93089.6921310621 433646.7689554201);16.079247426877348;0.45585118520297363;0.724111282477182
ID_0599100000338435;RCID_9653a94a-07f2-49c3-99ec-c12bbe1f34a0;south;6485;379;LINESTRING (93084.46521508906 433653.5637599869, 93082.18779866668 433653.6379507863, 93079.21012843559 433653.4758347964, 93079.55618115165 433649.9462160973, 93082.53382988949 433650.1083366128, 93084.81133366437 433650.0341859165, 93084.46521508906 433653.5637599869);18.57893672084737;0.02568607111581574;1.0
ID_0599100000338435;RCID_9653a94a-07f2-49c3-99ec-c12bbe1f34a0;south;6485;380;LINESTRING (93084.81128998328 433650.0341659467, 93082.53382988949 433650.1083366128, 93079.55617040925 433649.9462183167, 93079.9018484585 433646.4204215076, 93082.8794864792 433646.5825442293, 93085.15703385673 433646.5084133472, 93084.81128998328 433650.0341659467);18.55894371635732;0.18291297083508543;1.0000000000000002
ID_0599100000338435;RCID_9653a94a-07f2-49c3-99ec-c12bbe1f34a0;south;6485;381;LINESTRING (93085.15699025444 433646.5083935553, 93082.8794864792 433646.5825442293, 93079.90183774372 433646.4204236727, 93080.24749510892 433642.8948382559, 93083.22512239648 433643.0569631302, 93085.50271347672 433642.9828519733, 93085.15699025444 433646.5083935553);18.557955513355598;0.2837754933267503;1.0000000000000002
ID_0599100000338435;RCID_9653a94a-07f2-49c3-99ec-c12bbe1f34a0;south;6485;382;LINESTRING (93085.50266977446 433642.9828322727, 93083.22512239648 433643.0569631302, 93080.24748437792 433642.8948403758, 93080.59347502133 433639.3658560675, 93083.57109158119 433639.527983035, 93085.84872637464 433639.4538914697, 93085.50266977446 433642.9828322727);18.57597107842237;0.22082563948170603;1.0
ID_0599100000338435;RCID_9653a94a-07f2-49c3-99ec-c12bbe1f34a0;south;6485;383;LINESTRING (93085.84868266189 433639.4538719053, 93083.57109158119 433639.527983035, 93080.59346429611 433639.3658581282, 93080.93943456851 433635.8370820108, 93083.9170404067 433635.9992110281, 93086.1947189241 433635.9251389212, 93085.84868266189 433639.4538719053);18.574999793815334;0.19910965293372113;0.938446819338494
ID_0599100000338435;RCID_9653a94a-07f2-49c3-99ec-c12bbe1f34a0;south;6486;378;LINESTRING (93078.86407618216 433657.0056639169, 93075.88639516552 433656.8435502899, 93073.34637199034 433656.7873776569, 93073.69266934929 433653.2575498113, 93076.2324689237 433653.3137165301, 93079.21012843559 433653.4758347964, 93078.86407618216 433657.0056639169);19.551678986528422;0.047340483537131016;0.9823317934668722
ID_0599100000338435;RCID_9653a94a-07f2-49c3-99ec-c12bbe1f34a0;south;6486;379;LINESTRING (93079.21013918391 433653.4758325172, 93076.2324689237 433653.3137165301, 93073.6925575569 433653.2575468019, 93074.03883384613 433649.727934137, 93076.57852164221 433649.7840977926, 93079.55617040925 433649.9462183167, 93079.21013918391 433653.4758325172);19.550055174700454;0.0248245931058905;1.0000000000000004
ID_0599100000338435;RCID_9653a94a-07f2-49c3-99ec-c12bbe1f34a0;south;6486;380;LINESTRING (93079.55618115165 433649.9462160973, 93076.57852164221 433649.7840977926, 93074.03872206873 433649.7279310476, 93074.38462343298 433646.2021404383, 93076.9241996936 433646.2583009512, 93079.90183774372 433646.4204236727, 93079.55618115165 433649.9462160973);19.528454377489435;0.030165300447241125;1.0
ID_0599100000338435;RCID_9653a94a-07f2-49c3-99ec-c12bbe1f34a0;south;6486;381;LINESTRING (93079.9018484585 433646.4204215076, 93076.9241996936 433646.2583009512, 93074.384511899 433646.202137267, 93074.73039254959 433642.6765582172, 93077.26985706139 433642.7327154994, 93080.24748437792 433642.8948403758, 93079.9018484585 433646.4204215076);19.526851263177498;0.43050275108353564;0.9999999999999998
ID_0599100000338435;RCID_9653a94a-07f2-49c3-99ec-c12bbe1f34a0;south;6486;382;LINESTRING (93080.24749510892 433642.8948382559, 93077.26985706139 433642.7327154994, 93074.7302808017 433642.6765549605, 93075.07649492918 433639.1475771811, 93077.61584770674 433639.2037311524, 93080.59346429611 433639.3658581282, 93080.24749510892 433642.8948382559);19.54524422079694;0.4219082098177613;1.0
ID_0599100000338435;RCID_9653a94a-07f2-49c3-99ec-c12bbe1f34a0;south;6486;385;LINESTRING (93081.2853739181 433632.3085143985, 93078.30776805304 433632.1463853478, 93075.76852699619 433632.0902347406, 93076.11432650586 433628.5654844497, 93078.65334439701 433628.6216280009, 93081.63092886008 433628.7837609511, 93081.2853739181 433632.3085143985);19.52053720606599;0.19954566123725;0.9657130242520233
ID_0599100000338435;RCID_9653a94a-07f2-49c3-99ec-c12bbe1f34a0;south;6486;386;LINESTRING (93081.6309395462 433628.7837590477, 93078.65334439701 433628.6216280009, 93076.11421504509 433628.5654808718, 93076.45999467683 433625.0409336209, 93078.99890089207 433625.097073532, 93081.97647465082 433625.2592083708, 93081.6309395462 433628.7837590477);19.518981639967457;0.1560319272231241;0.9416018305367125
ID_0599100000338435;RCID_9653a94a-07f2-49c3-99ec-c12bbe1f34a0;south;6487;377;LINESTRING (93073.00027702423 433660.3174281761, 93070.46014200457 433660.2612527292, 93067.76604235734 433660.126889731, 93068.11245044865 433656.5968435352, 93070.80646060148 433656.7312079591, 93073.34637199034 433656.7873776569, 93073.00027702423 433660.3174281761);18.54252525005643;0.1677310980162983;0.8432626387941553
ID_0599100000338435;RCID_9653a94a-07f2-49c3-99ec-c12bbe1f34a0;south;6487;378;LINESTRING (93073.34648379784 433656.7873805898, 93070.80646060148 433656.7312079591, 93068.11240570633 433656.5968442017, 93068.45879254473 433653.0670149991, 93071.15275796129 433653.2013800845, 93073.6925575569 433653.2575468019, 93073.34648379784 433656.7873805898);18.54083267131614;0.0;1.0
ID_0599100000338435;RCID_9653a94a-07f2-49c3-99ec-c12bbe1f34a0;south;6487;379;LINESTRING (93073.69266934929 433653.2575498113, 93071.15275796129 433653.2013800845, 93068.45874781039 433653.0670156217, 93068.80511356358 433649.5374017076, 93071.49903425173 433649.6717673906, 93074.03872206873 433649.7279310476, 93073.69266934929 433653.2575498113);18.539149174866942;0.0;1.0
ID_0599100000338435;RCID_9653a94a-07f2-49c3-99ec-c12bbe1f34a0;south;6487;380;LINESTRING (93074.03883384613 433649.727934137, 93071.49903425173 433649.6717673906, 93068.80506883719 433649.5374022783, 93069.15105955812 433646.0116105239, 93071.84493561703 433646.1459767526, 93074.384511899 433646.202137267, 93074.03883384613 433649.727934137);18.518521963936642;0.018563866048940832;1.0
ID_0599100000338435;RCID_9653a94a-07f2-49c3-99ec-c12bbe1f34a0;south;6487;381;LINESTRING (93074.38462343298 433646.2021404383, 93071.84493561703 433646.1459767526, 93069.15101493092 433646.0116110434, 93069.49698492273 433642.4860309449, 93072.19081626879 433642.6203976772, 93074.7302808017 433642.6765549605, 93074.38462343298 433646.2021404383);18.516858275730954;0.46563697378817;0.9999999999999998
ID_0599100000338435;RCID_9653a94a-07f2-49c3-99ec-c12bbe1f34a0;south;6487;382;LINESTRING (93074.73039254959 433642.6765582172, 93072.19081626879 433642.6203976772, 93069.4969402118 433642.4860314133, 93069.84324375662 433638.957052695, 93072.5370303973 433639.0914198689, 93075.07638319617 433639.1475738413, 93074.73039254959 433642.6765582172);18.534156444583022;0.8971751178229912;0.9999999999999998
ID_0599100000338435;RCID_9653a94a-07f2-49c3-99ec-c12bbe1f34a0;south;6487;383;LINESTRING (93075.07649492918 433639.1475771811, 93072.5370303973 433639.0914198689, 93069.84319905342 433638.957053112, 93070.18948218263 433635.4282828568, 93072.88322412598 433635.5626504271, 93075.42246520516 433635.6188010047, 93075.07649492918 433639.1475771811);18.532509164535696;0.876503432137957;0.8910340973540251
ID_0599100000338435;RCID_9653a94a-07f2-49c3-99ec-c12bbe1f34a0;south;6487;385;LINESTRING (93075.76863870025 433632.0902382478, 93073.22939762202 433632.0340876412, 93070.53565568069 433631.8997200383, 93070.88154446997 433628.3749691225, 93073.57519713283 433628.5093373213, 93076.11421504509 433628.5654808718, 93075.76863870025 433632.0902382478);18.51029740818096;0.0681526420320905;0.995311859839602
ID_0599100000338435;RCID_9653a94a-07f2-49c3-99ec-c12bbe1f34a0;south;6487;386;LINESTRING (93076.11432650586 433628.5654844497, 93073.57519713283 433628.5093373213, 93070.88149988127 433628.3749693798, 93071.22736877717 433624.8504216028, 93073.92097676564 433624.9847900425, 93076.45988300204 433625.0409299501, 93076.11432650586 433628.5654844497);18.50867894623951;0.0;0.9999999999999998
ID_0599100000338435;RCID_9653a94a-07f2-49c3-99ec-c12bbe1f34a0;south;6487;387;LINESTRING (93076.45999467683 433625.0409336209, 93073.92097676564 433624.9847900425, 93071.22732410474 433624.8504218133, 93071.57352728792 433621.322467981, 93074.26709060938 433621.4568366032, 93076.80588518435 433621.5129727875, 93076.45999467683 433625.0409336209);18.52601380034614;0.00999905760819714;0.9999999999999998
ID_0599100000338435;RCID_9653a94a-07f2-49c3-99ec-c12bbe1f34a0;south;6488;379;LINESTRING (93068.45879254473 433653.0670149991, 93065.76478236994 433652.9326505395, 93063.40846429821 433653.0074546319, 93063.75479663954 433649.4778053129, 93066.11114812529 433649.4030365981, 93068.80506883719 433649.5374022783, 93068.45879254473 433653.0670149991);17.8462813575467;0.09027054875545514;0.8965417814675885
ID_0599100000338435;RCID_9653a94a-07f2-49c3-99ec-c12bbe1f34a0;south;6488;380;LINESTRING (93068.80511356358 433649.5374017076, 93066.11114812529 433649.4030365981, 93063.75481335257 433649.4778229158, 93064.10077067064 433645.9519960686, 93066.45713884817 433645.8772448087, 93069.15101493092 433646.0116110434, 93068.80511356358 433649.5374017076);17.826863385669622;0.0007050083888992385;1.0
ID_0599100000338435;RCID_9653a94a-07f2-49c3-99ec-c12bbe1f34a0;south;6488;381;LINESTRING (93069.15105955812 433646.0116105239, 93066.45713884817 433645.8772448087, 93064.10078736194 433645.9520134985, 93064.44672392606 433642.4263985886, 93066.80310884194 433642.3516646837, 93069.4969402118 433642.4860314133, 93069.15105955812 433646.0116105239);17.825700561820934;0.0;1.0000000000000002
ID_0599100000338435;RCID_9653a94a-07f2-49c3-99ec-c12bbe1f34a0;south;6488;382;LINESTRING (93069.49698492273 433642.4860309449, 93066.80310884194 433642.3516646837, 93064.44674066399 433642.4264159158, 93064.79301072164 433638.8974026238, 93067.14941238877 433638.822685935, 93069.84319905342 433638.957053112, 93069.49698492273 433642.4860309449);17.842791727320286;0.012428303395040316;1.0000000000000002
ID_0599100000338435;RCID_9653a94a-07f2-49c3-99ec-c12bbe1f34a0;south;6488;383;LINESTRING (93069.84324375662 433638.957052695, 93067.14941238877 433638.822685935, 93064.79302747243 433638.8974198143, 93065.1392770895 433635.3686152698, 93067.49569552008 433635.2939156497, 93070.18943748735 433635.4282832235, 93069.84324375662 433638.957052695);17.841644999902176;0.17224809403131724;1.0
ID_0599100000338435;RCID_9653a94a-07f2-49c3-99ec-c12bbe1f34a0;south;6488;384;LINESTRING (93070.18948218263 433635.4282828568, 93067.49569552008 433635.2939156497, 93065.13929385226 433635.3686323154, 93065.48552319656 433631.8400348065, 93067.84195840315 433631.7653521314, 93070.53565568069 433631.8997200383, 93070.18948218263 433635.4282828568);17.840506901680556;0.3075950202979107;1.0000000000000002
ID_0599100000338435;RCID_9653a94a-07f2-49c3-99ec-c12bbe1f34a0;south;6488;385;LINESTRING (93070.53570036843 433631.8997197286, 93067.84195840315 433631.7653521314, 93065.48553997216 433631.8400517167, 93065.8313952334 433628.3152670899, 93068.18784719451 433628.2406011792, 93070.88149988127 433628.3749693798, 93070.53570036843 433631.8997197286);17.821137958017374;0.005502615831215663;1.0
ID_0599100000338435;RCID_9653a94a-07f2-49c3-99ec-c12bbe1f34a0;south;6488;386;LINESTRING (93070.88154446997 433628.3749691225, 93068.18784719451 433628.2406011792, 93065.83141198719 433628.3152838297, 93066.17724733031 433624.7907026265, 93068.53371609247 433624.7160533757, 93071.22732410474 433624.8504218133, 93070.88154446997 433628.3749691225);17.820018266365878;0.0;1.0
ID_0599100000338435;RCID_9653a94a-07f2-49c3-99ec-c12bbe1f34a0;south;6488;387;LINESTRING (93071.22736877717 433624.8504216028, 93068.53371609247 433624.7160533757, 93066.17726413079 433624.7907192587, 93066.52343370157 433621.2627322404, 93068.87991927749 433621.1880995113, 93071.57348262289 433621.3224681363, 93071.22736877717 433624.8504216028);17.837146634248366;0.0;0.9886035174011423
ID_0599100000338435;RCID_9653a94a-07f2-49c3-99ec-c12bbe1f34a0;south;6489;382;LINESTRING (93064.44672392606 433642.4263985886, 93062.09035572983 433642.5011498228, 93059.80077795629 433642.3479501028, 93060.14714652483 433638.8189425722, 93062.43662578728 433638.9721365084, 93064.79302747243 433638.8974198143, 93064.44672392606 433642.4263985886);16.4226187721202;0.0884739405125576;0.9650234030055886
ID_0599100000338435;RCID_9653a94a-07f2-49c3-99ec-c12bbe1f34a0;south;6489;383;LINESTRING (93064.79301072164 433638.8974026238, 93062.43662578728 433638.9721365084, 93060.14709727309 433638.8189396556, 93060.49344539005 433635.2901409154, 93062.78287540379 433635.4433319326, 93065.13929385226 433635.3686323154, 93064.79301072164 433638.8974026238);16.421537907515198;0.0;0.9999999999999998
ID_0599100000338435;RCID_9653a94a-07f2-49c3-99ec-c12bbe1f34a0;south;6489;384;LINESTRING (93065.1392770895 433635.3686152698, 93062.78287540379 433635.4433319326, 93060.49339614366 433635.2901379702, 93060.83972397671 433631.7615463166, 93063.12910474726 433631.914734395, 93065.48553997216 433631.8400517167, 93065.1392770895 433635.3686152698);16.420464996984954;0.0;1.0000000000000002
ID_0599100000338435;RCID_9653a94a-07f2-49c3-99ec-c12bbe1f34a0;south;6489;385;LINESTRING (93065.48552319656 433631.8400348065, 93063.12910474726 433631.914734395, 93060.83967473562 433631.761543349, 93061.18562837469 433628.2367646249, 93063.47496000819 433628.3899497436, 93065.83141198719 433628.3152838297, 93065.48552319656 433631.8400348065);16.402612363475875;0.0;1.0
ID_0599100000338435;RCID_9653a94a-07f2-49c3-99ec-c12bbe1f34a0;south;6489;386;LINESTRING (93065.8313952334 433628.3152670899, 93063.47496000819 433628.3899497436, 93061.18557923975 433628.2367616425, 93061.53151294982 433624.7121863868, 93063.82079535074 433624.8653685116, 93066.17726413079 433624.7907192587, 93065.8313952334 433628.3152670899);16.40155642711157;0.0;0.9999999999999998
ID_0599100000338435;RCID_9653a94a-07f2-49c3-99ec-c12bbe1f34a0;south;6490;385;LINESTRING (93060.83972397671 433631.7615463166, 93058.5502939478 433631.6083552675, 93055.52066929323 433632.056387492, 93055.86647944071 433628.5315162831, 93058.89624758903 433628.0835765175, 93061.18557923975 433628.2367616425, 93060.83972397671 433631.7615463166);18.646755468863574;0.07897986217972122;0.9554894668180229
ID_0599100000338435;RCID_9653a94a-07f2-49c3-99ec-c12bbe1f34a0;south;6490;386;LINESTRING (93061.18562837469 433628.2367646249, 93058.89624758903 433628.0835765175, 93055.86655112679 433628.5315622782, 93056.2123412857 433625.0068952354, 93059.24218130135 433624.5590012423, 93061.53146371938 433624.7121833675, 93061.18562837469 433628.2367646249);18.64577265903229;0.0;0.941548371972604
