apex flight line; row in apex data; col in apex data; cell geometry; cell area; percentage of deviations; percentage of cell in roof
north;4153;375;LINESTRING (93378.10015486684 435737.2430310084, 93380.47925408315 435737.1766175715, 93383.42831456453 435737.4130546741, 93383.08511389073 435740.9428327423, 93380.13648398772 435740.7064243506, 93377.75768572639 435740.7728286909, 93378.10015486684 435737.2430310084);18.86436654199242;0.09285649839077176;0.8130554622356113
north;4153;376;LINESTRING (93377.75753526055 435740.7728331872, 93380.13648398772 435740.7064243506, 93383.08532917392 435740.9428470908, 93382.75576019523 435744.4484800539, 93379.8073278427 435744.2120878312, 93377.42868115424 435744.278518905, 93377.75753526055 435740.7728331872);18.732192227722653;0.0;0.9666449737466427
north;4139;378;LINESTRING (93302.50759865751 435739.0448443617, 93304.95416328085 435739.57397114, 93307.80711098076 435739.7321266761, 93307.46404755636 435743.2617274739, 93304.61087499018 435743.1035224235, 93302.16389360126 435742.5743991241, 93302.50759865751 435739.0448443617);18.942144097181757;0.3050709974133857;0.7044222775135549
north;4140;377;LINESTRING (93308.15042057006 435736.2023570045, 93311.00325580523 435736.3604877223, 93313.15508871624 435736.8779934673, 93312.81230683613 435740.4077986404, 93310.66017108681 435739.8903070077, 93307.80711098076 435739.7321266761, 93308.15042057006 435736.2023570045);17.898165599526994;0.08664610665718643;0.9975079606718248
north;4140;378;LINESTRING (93307.80722341362 435739.7321514768, 93310.66017108681 435739.8903070077, 93312.81215543259 435740.4078056044, 93312.46939479973 435743.9373925699, 93310.31710766487 435743.419907773, 93307.46393512559 435743.2617027214, 93307.80722341362 435739.7321514768);17.897995381670384;0.0785964459067291;0.9999999999999998
north;4140;379;LINESTRING (93307.46404755636 435743.2617274739, 93310.31710766487 435743.419907773, 93312.46924342075 435743.9373993755, 93312.1265038501 435747.4667698877, 93309.97406535418 435746.9492917619, 93307.12078038428 435746.791062041, 93307.46404755636 435743.2617274739);17.897833863001118;0.08761921491391869;0.978824588308328
north;4141;375;LINESTRING (93313.8411711832 435729.8176999415, 93315.99270113505 435730.335220449, 93318.92258675829 435730.4968257982, 93318.58019954013 435734.02713434, 93315.64987630796 435733.8654670601, 93313.49804341838 435733.3479612951, 93313.8411711832 435729.8176999415);18.17293617537021;0.0;0.8583232856290975
north;4141;376;LINESTRING (93313.49819487144 435733.3479540127, 93315.64987630796 435733.8654670601, 93318.57998074156 435734.0271033802, 93318.23761506462 435737.5571902444, 93315.30707304063 435737.3954920815, 93313.15508871624 435736.8779934673, 93313.49819487144 435733.3479540127);18.173110116239478;0.0;1.0
north;4141;377;LINESTRING (93313.15524014467 435736.8779863443, 93315.30707304063 435737.3954920815, 93318.23739627536 435737.5571593293, 93317.89505197335 435741.0870262239, 93314.96429116721 435740.9252972269, 93312.81215543259 435740.4078056044, 93313.15524014467 435736.8779863443);18.173292612319496;0.0;0.9999999999999998
north;4141;378;LINESTRING (93312.81230683613 435740.4077986404, 93314.96429116721 435740.9252972269, 93317.89483319366 435741.0869953544, 93317.55251012043 435744.6166439508, 93314.62153054087 435744.454884171, 93312.46924342075 435743.9373993755, 93312.81230683613 435740.4077986404);18.173483466090158;0.0;1.0
north;4141;379;LINESTRING (93312.46939479973 435743.9373925699, 93314.62153054087 435744.454884171, 93317.55229134958 435744.616613132, 93317.20998932028 435748.1460451829, 93314.27879097653 435747.984254658, 93312.12635249556 435747.4667765371, 93312.46939479973 435743.9373925699);18.17368309492629;0.0;1.0000000000000002
north;4141;380;LINESTRING (93312.1265038501 435747.4667698877, 93314.27879097653 435747.984254658, 93317.20977055871 435748.1460144031, 93316.86783934745 435751.6716232554, 93313.93642269622 435751.5098020969, 93311.783833188 435750.9923304781, 93312.1265038501 435747.4667698877);18.15530849099991;0.09070964751967237;0.9649440871540832
north;4142;374;LINESTRING (93319.26543330881 435726.9663559307, 93322.19510008345 435727.1279302581, 93324.6316270738 435727.3949366184, 93324.29299190314 435730.9190081854, 93321.85269116121 435730.6584621529, 93318.92258675829 435730.4968257982, 93319.26543330881 435726.9663559307);19.09017718617084;0.0;0.9794073534622767
north;4142;375;LINESTRING (93318.92280556643 435730.4968568076, 93321.85269116121 435730.6584621529, 93324.29287446733 435730.9189972365, 93323.9507221172 435734.4493276397, 93321.51030394585 435734.1887706597, 93318.57998074156 435734.0271033802, 93318.92280556643 435730.4968568076);19.103677531829273;0.0;1.0
north;4142;376;LINESTRING (93318.58019954013 435734.02713434, 93321.51030394585 435734.1887706597, 93323.9506046912 435734.4493166677, 93323.6084738629 435737.9794254333, 93321.16793827107 435737.7188574885, 93318.23739627536 435737.5571593293, 93318.58019954013 435734.02713434);19.10367938652957;0.0;1.0
north;4142;377;LINESTRING (93318.23761506462 435737.5571902444, 93321.16793827107 435737.7188574885, 93323.60835644623 435737.9794144437, 93323.26624697434 435741.5093032801, 93320.82559397155 435741.2487243507, 93317.89483319366 435741.0869953544, 93318.23761506462 435737.5571902444);19.103690261093835;0.0;1.0
north;4142;378;LINESTRING (93317.89505197335 435741.0870262239, 93320.82559397155 435741.2487243507, 93323.26612956694 435741.5092922653, 93322.92404130541 435745.0389628583, 93320.48327090094 435744.7783729152, 93317.55229134958 435744.616613132, 93317.89505197335 435741.0870262239);19.103709971915208;0.0;1.0000000000000002
north;4142;379;LINESTRING (93317.55251012043 435744.6166439508, 93320.48327090094 435744.7783729152, 93322.92392390731 435745.0389518176, 93322.58185667063 435748.5684058946, 93320.1409688741 435748.3078049308, 93317.20977055871 435748.1460144031, 93317.55251012043 435744.6166439508);19.10373890134066;0.0;1.0000000000000002
north;4142;380;LINESTRING (93317.20998932028 435748.1460451829, 93320.1409688741 435748.3078049308, 93322.58173928183 435748.5683948398, 93322.24004260535 435752.094025742, 93319.79903766542 435751.8334137445, 93316.8676210423 435751.6715925858, 93317.20998932028 435748.1460451829);19.084243467072845;0.0;1.0
north;4142;381;LINESTRING (93316.86783934745 435751.6716232554, 93319.79903766542 435751.8334137445, 93322.23992546587 435752.0940146864, 93321.89824946245 435755.6194327034, 93319.45712714855 435755.3588096413, 93316.5254917792 435755.1969578348, 93316.86783934745 435751.6716232554);19.084290389447602;0.11167883204010244;0.910098808066805
north;4143;372;LINESTRING (93325.31638832034 435720.3332357313, 93327.73912091952 435720.6254596193, 93330.53334273894 435721.0317115174, 93330.19151901412 435724.5622452211, 93327.41046245783 435724.1312258855, 93324.97393549084 435723.8642195023, 93325.31638832034 435720.3332357313);18.589851799216635;0.1661439078281507;0.7690518852458923
north;4143;373;LINESTRING (93324.97405786498 435723.8641796565, 93327.41046245783 435724.1312258855, 93330.19132685536 435724.5624303187, 93329.8495251096 435728.0927374435, 93327.07181035657 435727.6554717267, 93324.6316270738 435727.3949366184, 93324.97405786498 435723.8641796565);18.641978160760196;0.0;1.0
north;4143;374;LINESTRING (93324.63528338604 435727.3884653689, 93327.07181035657 435727.6554717267, 93329.85286691846 435728.0864910283, 93329.51108698593 435731.6165732802, 93326.73317518947 435731.1795432649, 93324.29287446733 435730.9189972365, 93324.63528338604 435727.3884653689);18.641955815038273;0.0;1.0
north;4143;375;LINESTRING (93324.29299190314 435730.9190081854, 93326.73317518947 435731.1795432649, 93329.51088994805 435731.6168089552, 93329.18611254747 435735.1161904584, 93326.39102284305 435734.7098736436, 93323.9506046912 435734.4493166677, 93324.29299190314 435730.9190081854);18.63867308009896;0.0;1.0000000000000002
north;4143;376;LINESTRING (93323.9507221172 435734.4493276397, 93326.39102284305 435734.7098736436, 93329.16893464519 435735.1469036206, 93328.84415505468 435738.6463081687, 93326.04889201841 435738.239982379, 93323.60835644623 435737.9794144437, 93323.9507221172 435734.4493276397);18.638877157032155;0.0;0.9999999999999998
north;4143;377;LINESTRING (93323.6084738629 435737.9794254333, 93326.04889201841 435738.239982379, 93328.84398172838 435738.6462991672, 93328.50221891972 435742.1762059998, 93325.7067825502 435741.7698711941, 93323.26612956694 435741.5092922653, 93323.6084738629 435737.9794254333);18.70989613178818;0.0;1.0
north;4143;378;LINESTRING (93323.26624697434 435741.5093032801, 93325.7067825502 435741.7698711941, 93328.50204559194 435742.1761969526, 93328.16030393787 435745.7058857182, 93325.36469429208 435745.2995417566, 93322.92392390731 435745.0389518176, 93323.26624697434 435741.5093032801);18.70977246493929;0.0038624756304684147;1.0000000000000002
north;4143;379;LINESTRING (93322.92404130541 435745.0389628583, 93325.36469429208 435745.2995417566, 93328.1601306668 435745.7058765258, 93327.81840998222 435749.2353489674, 93325.02262705893 435748.8289958056, 93322.58173928183 435748.5683948398, 93322.92404130541 435745.0389628583);18.709657896814715;0.0;0.9999999999999998
north;4143;380;LINESTRING (93322.58185667063 435748.5684058946, 93325.02262705893 435748.8289958056, 93327.81823671004 435749.2353397325, 93327.47688621451 435752.7609890999, 93324.68093038598 435752.354626678, 93322.23992546587 435752.0940146864, 93322.58185667063 435748.5684058946);18.690421945653384;0.0;1.0
north;4143;381;LINESTRING (93322.24004260535 435752.094025742, 93324.68093038598 435752.354626678, 93327.47671331459 435752.7609798069, 93327.13538345642 435756.2864164471, 93324.33925438613 435755.8800446645, 93321.89813209203 435755.619421611, 93322.24004260535 435752.094025742);18.69032510811129;0.09854984188842218;0.970138804463342
north;4144;371;LINESTRING (93330.86200459409 435717.5259106365, 93333.6560529689 435717.9321540222, 93336.25369716638 435718.399547271, 93335.9119163157 435721.9302946877, 93333.3142071052 435721.4629159797, 93330.53334273894 435721.0317115174, 93330.86200459409 435717.5259106365);19.278952735474135;0.29672122514199983;0.9522071965820723
north;4144;372;LINESTRING (93330.51998531158 435721.0566640854, 93333.3142071052 435721.4629159797, 93335.91188381868 435721.9303018883, 93335.57012508684 435725.4608212318, 93332.97238338622 435724.9934496508, 93330.19132685536 435724.5624303187, 93330.51998531158 435721.0566640854);19.278703611193446;0.05019280762877602;1.0
north;4144;373;LINESTRING (93330.19151901412 435724.5622452211, 93332.97238338622 435724.9934496508, 93335.57009260252 435725.4608283244, 93335.22835582413 435728.991121313, 93332.63058164604 435728.5237567401, 93329.85286691846 435728.0864910283, 93330.19151901412 435724.5622452211);19.281601900198957;0.0;0.9999999999999998
north;4144;374;LINESTRING (93329.8495251096 435728.0927374435, 93332.63058164604 435728.5237567401, 93335.22832335258 435728.9911282953, 93334.88660836194 435732.5211966272, 93332.28880171932 435732.0538389606, 93329.51088994805 435731.6168089552, 93329.8495251096 435728.0927374435);19.281171774026483;0.0;0.9999999999999998
north;4144;375;LINESTRING (93329.51108698593 435731.6165732802, 93332.28880171932 435732.0538389606, 93334.88657590331 435732.5212035018, 93334.54488253509 435736.0510488941, 93331.96402432432 435735.5532204364, 93329.16893464519 435735.1469036206, 93329.51108698593 435731.6165732802);19.195718540788068;0.0;1.0000000000000002
north;4144;376;LINESTRING (93329.18611254747 435735.1161904584, 93331.96402432432 435735.5532204364, 93334.56183097286 435736.0205780694, 93334.23714519435 435739.5200037897, 93331.63924473917 435739.0526249489, 93328.84398172838 435738.6462991672, 93329.18611254747 435735.1161904584);19.177524876823206;0.0;1.0
north;4144;377;LINESTRING (93328.84415505468 435738.6463081687, 93331.63924473917 435739.0526249489, 93334.22010295582 435739.5504533774, 93333.89541482211 435743.049904019, 93331.29748193579 435742.5825317489, 93328.50204559194 435742.1761969526, 93328.84415505468 435738.6463081687);19.26763838235436;0.0;0.9999999999999998
north;4144;378;LINESTRING (93328.50221891972 435742.1762059998, 93331.29748193579 435742.5825317489, 93333.89538239708 435743.0499105621, 93333.55370559159 435746.579586295, 93330.95574028694 435746.1122204846, 93328.1601306668 435745.7058765258, 93328.50221891972 435742.1762059998);19.3355095676371;0.0;1.0
north;4144;379;LINESTRING (93328.16030393787 435745.7058857182, 93330.95574028694 435746.1122204846, 93333.55367317927 435746.579592724, 93333.21201731807 435750.1090523565, 93330.61401960764 435749.6416928926, 93327.81823671004 435749.2353397325, 93328.16030393787 435745.7058857182);19.335051544820647;0.0;1.0
north;4144;380;LINESTRING (93327.81840998222 435749.2353489674, 93330.61401960764 435749.6416928926, 93333.21198491839 435750.1090586778, 93332.87069915474 435753.634695465, 93330.27266911746 435753.1673422281, 93327.47671331459 435752.7609798069, 93327.81840998222 435749.2353489674);19.314833548454505;0.16026975370388855;0.7674625944096288
north;4145;372;LINESTRING (93335.9119163157 435721.9302946877, 93338.50959300695 435722.3976805913, 93341.15517719332 435722.6365944677, 93340.81350745767 435726.1671325251, 93338.16783428112 435725.9281999029, 93335.57009260252 435725.4608283244, 93335.9119163157 435721.9302946877);18.753138421991693;0.008231101260613133;1.0
north;4145;373;LINESTRING (93335.57012508684 435725.4608212318, 93338.16783428112 435725.9281999029, 93340.8134629656 435726.1671231359, 93340.47181517794 435729.6974348336, 93337.82609750854 435729.4584928546, 93335.22832335258 435728.9911282953, 93335.57012508684 435725.4608212318);18.75220829740778;0.0;1.0
north;4145;374;LINESTRING (93335.22835582413 435728.991121313, 93337.82609750854 435729.4584928546, 93340.47177068856 435729.6974254444, 93340.1301446829 435733.2275124919, 93337.48438252398 435732.9885611556, 93334.88657590331 435732.5212035018, 93335.22835582413 435728.991121313);18.75128718456409;0.0;1.0000000000000002
north;4145;375;LINESTRING (93334.88660836194 435732.5211966272, 93337.48438252398 435732.9885611556, 93340.13010019662 435733.2275031055, 93339.78849580768 435736.7573672123, 93337.14268916182 435736.5184065252, 93334.56183097286 435736.0205780694, 93334.88660836194 435732.5211966272);18.682057109241107;0.0;0.9999999999999998
north;4145;376;LINESTRING (93334.54488253509 435736.0510488941, 93337.14268916182 435736.5184065252, 93339.78845132416 435736.7573578255, 93339.46389009428 435740.2568052747, 93336.81800338931 435740.0178322132, 93334.22010295582 435739.5504533774, 93334.54488253509 435736.0510488941);18.57920508765025;0.0;1.0
north;4145;377;LINESTRING (93334.23714519435 435739.5200037897, 93336.81800338931 435740.0178322132, 93339.46381003851 435740.2567928708, 93339.13924645365 435743.7562652438, 93336.49331526132 435743.5172828215, 93333.89538239708 435743.0499105621, 93334.23714519435 435739.5200037897);18.598400748955203;0.0;1.0
north;4145;378;LINESTRING (93333.89541482211 435743.049904019, 93336.49331526132 435743.5172828215, 93339.13920196952 435743.7562558596, 93338.79761413921 435747.2859503024, 93336.15163846199 435747.0469585261, 93333.55367317927 435746.579592724, 93333.89541482211 435743.049904019);18.750530763925894;0.13593184075431408;0.9609007362771453
north;4146;373;LINESTRING (93340.81350745767 435726.1671325251, 93343.4591361192 435726.4060557561, 93346.15350388986 435726.9918719197, 93345.81189209211 435730.5221451744, 93343.11748833492 435729.9363674222, 93340.47177068856 435729.6974254444, 93340.81350745767 435726.1671325251);19.133762866938675;0.0;0.9999999999999998
north;4146;374;LINESTRING (93340.47181517794 435729.6974348336, 93343.11748833492 435729.9363674222, 93345.81187411083 435730.5221642833, 93345.47028406171 435734.0522132181, 93342.77586233252 435733.4664544398, 93340.13010019662 435733.2275031055, 93340.47181517794 435729.6974348336);19.132762941719907;0.0;1.0
north;4146;375;LINESTRING (93340.1301446829 435733.2275124919, 93342.77586233252 435733.4664544398, 93345.47026609741 435734.0522321619, 93345.12869763112 435737.5820584805, 93342.43425794697 435736.9963185167, 93339.78845132416 435736.7573578255, 93340.1301446829 435733.2275124919);19.131772229056445;0.0;1.0
north;4146;376;LINESTRING (93339.78849580768 435736.7573672123, 93342.43425794697 435736.9963185167, 93345.12867968349 435737.5820772596, 93344.80061134603 435741.0877907152, 93342.10969672039 435740.4957659311, 93339.46381003851 435740.2567928708, 93339.78849580768 435736.7573672123);18.95991832742519;0.0393582405528895;1.0000000000000002
north;4146;377;LINESTRING (93339.46389009428 435740.2568052747, 93342.10969672039 435740.4957659311, 93344.80413641169 435741.0815058709, 93344.47959582615 435744.580987153, 93341.78513313881 435743.9952382746, 93339.13920196952 435743.7562558596, 93339.46389009428 435740.2568052747);18.955966614044918;0.18977390728066665;0.7694950498893223
north;4147;373;LINESTRING (93346.15352188809 435726.9918526507, 93348.84788963525 435727.5776688011, 93351.54493883537 435727.804623775, 93351.20328436882 435731.3349069193, 93348.50627784483 435731.1079420252, 93345.81187411083 435730.5221642833, 93346.15352188809 435726.9918526507);19.310890919076524;0.331076105561541;0.8006239172603833
north;4147;374;LINESTRING (93345.81189209211 435730.5221451744, 93348.50627784483 435731.1079420252, 93351.20330570746 435731.3349019508, 93350.86167299414 435734.8649607508, 93348.1646878029 435734.6379909275, 93345.47026609741 435734.0522321619, 93345.81189209211 435730.5221451744);19.30964669126282;0.3126517060609117;1.0
north;4147;375;LINESTRING (93345.47028406171 435734.0522132181, 93348.1646878029 435734.6379909275, 93350.86169433009 435734.8649557908, 93350.52008320429 435738.394791957, 93347.82311934412 435738.167817219, 93345.12867968349 435737.5820772596, 93345.47028406171 435734.0522132181);19.30841180727824;0.16272172904229643;0.9405472133662529
north;4138;379;LINESTRING (93297.28557769694 435741.8798333364, 93299.69144973735 435742.473657237, 93302.13822278088 435743.0027821921, 93301.79495560475 435746.5321168253, 93299.34776585081 435746.0029950516, 93296.94156414832 435745.4091814422, 93297.28557769694 435741.8798333364);17.513874130034807;0.2873064092265783;0.8724347041479409
north;4138;380;LINESTRING (93296.94172896157 435745.4091763991, 93299.34776585081 435746.0029950516, 93301.79474726673 435746.5321183247, 93301.45185196761 435750.0576297281, 93299.00445432216 435749.5285093263, 93296.59808816377 435748.9347005952, 93296.94172896157 435745.4091763991);17.496212223836668;0.22310604117738692;0.9999626169783985
north;4138;381;LINESTRING (93296.59825261234 435748.934695748, 93299.00445432216 435749.5285093263, 93301.45164408282 435750.0576310715, 93301.10876954655 435753.5829294237, 93298.66116361102 435753.0538102482, 93296.25463268772 435752.4600062267, 93296.59825261234 435748.934695748);17.496466464126804;0.3875708509093797;0.9966961751879793
north;4138;382;LINESTRING (93296.25479744536 435752.4600015485, 93298.66116361102 435753.0538102482, 93301.1085612633 435753.5829306218, 93300.76535637783 435757.1116259204, 93298.31754217937 435756.582507816, 93295.91084651841 435755.9887083101, 93296.25479744536 435752.4600015485);17.514637294987157;0.5281385616119489;0.7247007232027225
north;4139;375;LINESTRING (93303.51254647174 435728.8832498956, 93305.95848572839 435729.4123830881, 93308.81109610706 435729.5704640376, 93308.46796833802 435733.1007254457, 93305.61513307859 435732.9425947006, 93303.16877688897 435732.4134659045, 93303.51254647174 435728.8832498956);18.94226784384835;0.3292411996190444;0.7616355905253567
north;4139;376;LINESTRING (93303.16898533798 435732.4134637916, 93305.61513307859 435732.9425947006, 93308.46785590018 435733.1007005571, 93308.12474974056 435736.6307400626, 93305.27180204322 435736.4725845037, 93302.82523742567 435735.9434576904, 93303.16898533798 435732.4134637916);18.942217699243827;0.7083720730135653;0.9863690557517479
north;4139;379;LINESTRING (93302.13843114657 435743.0027805393, 93304.5852041707 435743.5319054898, 93307.43826430608 435743.6900857835, 93307.095221998 435747.2194698065, 93304.24193700121 435747.0612400917, 93301.79474726673 435746.5321183247, 93302.13843114657 435743.0027805393);18.94212083349977;0.008209289380477918;0.8791689097005069
north;4139;380;LINESTRING (93301.79495560475 435746.5321168253, 93304.24193700121 435747.0612400917, 93307.09510956974 435747.2194451018, 93306.75243890392 435750.7450057548, 93303.89904170878 435750.5867514638, 93301.45164408282 435750.0576310715, 93301.79495560475 435746.5321168253);18.922738506472193;0.0;1.0
north;4139;381;LINESTRING (93301.45185196761 435750.0576297281, 93303.89904170878 435750.5867514638, 93306.75232670813 435750.7449811492, 93306.40967680047 435754.2703286537, 93303.55616717927 435754.112049787, 93301.1085612633 435753.5829306218, 93301.45185196761 435750.0576297281);18.92273314258854;0.0;1.0
north;4139;382;LINESTRING (93301.10876954655 435753.5829294237, 93303.55616717927 435754.112049787, 93306.40956437687 435754.2703040457, 93306.06658434551 435757.7990484542, 93303.21296230055 435757.6407450578, 93300.76514812154 435757.1116269623, 93301.10876954655 435753.5829294237);18.94210494708497;0.18063565059495082;0.9999999999999998
north;4139;383;LINESTRING (93300.76535637783 435757.1116259204, 93303.21296230055 435757.6407450578, 93306.06647192428 435757.799023894, 93305.72997225444 435761.3165665723, 93302.87621304342 435761.1582418446, 93300.42175545951 435760.6401132969, 93300.76535637783 435757.1116259204);18.904092870559047;0.4696458067435085;0.9760243580468757
north;4140;373;LINESTRING (93309.49775446767 435722.5093436395, 93312.35013992499 435722.6673746231, 93314.50136684833 435723.1849105366, 93314.15849840199 435726.7156054684, 93312.00696844111 435726.198084933, 93309.15435809206 435726.0400039533, 93309.49775446767 435722.5093436395);17.898930544911515;0.12241528892034187;0.9762964916069216
north;4140;374;LINESTRING (93309.15447053532 435726.0400289439, 93312.00696844111 435726.198084933, 93314.15834689916 435726.7156130659, 93313.81550034453 435730.2460829933, 93311.66381889922 435729.7285699215, 93308.81109610706 435729.5704640376, 93309.15447053532 435726.0400289439);17.898726577045355;0.3045439583158919;1.0
north;4140;375;LINESTRING (93308.8112085475 435729.5704889772, 93311.66381889922 435729.7285699215, 93313.81534886638 435730.2460904316, 93313.47252403779 435733.776337067, 93311.32069113273 435733.2588313023, 93308.46785590018 435733.1007005571, 93308.8112085475 435729.5704889772);17.898531105553985;0.6208392778486965;0.9332692301039925
north;4140;381;LINESTRING (93306.75243890392 435750.7450057548, 93309.60572387645 435750.903235435, 93311.75816237926 435751.4207135335, 93311.41581480697 435754.9460481753, 93309.26307397129 435754.42858291, 93306.40956437687 435754.2703040457, 93306.75243890392 435750.7450057548);17.87923646420084;0.44668820907925877;0.9999999999999998
north;4140;382;LINESTRING (93306.40967680047 435754.2703286537, 93309.26307397129 435754.42858291, 93311.41566350126 435754.9460545041, 93311.07298606567 435758.4747863431, 93308.92009394229 435757.957327283, 93306.06647192428 435757.799023894, 93306.40967680047 435754.2703286537);17.8974006630499;0.061199310019581434;1.0000000000000002
north;4140;383;LINESTRING (93306.06658434551 435757.7990484542, 93308.92009394229 435757.957327283, 93311.07283478451 435758.4747925174, 93310.73662507761 435761.9923389372, 93308.58359427506 435761.4748699358, 93305.72983509087 435761.3165452027, 93306.06658434551 435757.7990484542);17.83792769124569;0.0161011961861956;1.0
north;4140;384;LINESTRING (93305.72997225444 435761.3165665723, 93308.58359427506 435761.4748699358, 93310.73648640467 435761.9923289675, 93310.41058892765 435765.4923505718, 93308.25742699899 435764.9748618726, 93305.40351578881 435764.8165177373, 93305.72997225444 435761.3165665723);17.744087298993424;0.19979636489339048;0.9999999999999998
north;4140;385;LINESTRING (93305.40366781253 435764.8165371767, 93308.25742699899 435764.9748618726, 93310.41045780812 435765.4923308548, 93310.07845969149 435768.9997586118, 93307.925146836 435768.482275626, 93305.07112342297 435768.3239071568, 93305.40366781253 435764.8165371767);17.786305083703297;0.534248182388034;0.9269815639156741
north;4141;370;LINESTRING (93315.53036048016 435712.5950377054, 93317.68113294462 435713.1125978904, 93320.6099248164 435713.2740477398, 93320.26777763576 435716.8018792022, 93317.33854850472 435716.6403670171, 93315.18747316214 435716.1228231413, 93315.53036048016 435712.5950377054);18.15361381979794;0.22886291142742685;0.7640554655866121
north;4141;371;LINESTRING (93315.18762474044 435716.1228150731, 93317.33854850472 435716.6403670171, 93320.26755878865 435716.8018480096, 93319.92508375359 435720.3330603622, 93316.99563578283 435720.1715170656, 93314.84440888077 435719.6539811335, 93315.18762474044 435716.1228150731);18.172325882259383;0.05604534365541888;0.9998433157447326
north;4141;372;LINESTRING (93314.84456043376 435719.6539732147, 93316.99563578283 435720.1715170656, 93319.92486491636 435720.3330292122, 93319.58241208567 435723.8640130479, 93316.65274528501 435723.702438688, 93314.50136684833 435723.1849105366, 93314.84456043376 435719.6539732147);18.172465633345848;0.07447543359373597;1.0000000000000004
north;4141;373;LINESTRING (93314.50151837646 435723.1849027823, 93316.65274528501 435723.702438688, 93319.58219325838 435723.8639819486, 93319.23976246602 435727.3947389757, 93316.30987684507 435727.2331335924, 93314.15834689916 435726.7156130659, 93314.50151837646 435723.1849027823);18.172613912069757;0.5232921715855627;1.0
north;4141;374;LINESTRING (93314.15849840199 435726.7156054684, 93316.30987684507 435727.2331335924, 93319.23954364832 435727.394707922, 93318.89713472854 435730.9252398515, 93315.96703029706 435730.7636034978, 93313.81534886638 435730.2460904316, 93314.15849840199 435726.7156054684);18.172770774272312;0.5559202097558368;0.7030654519155609
north;4141;381;LINESTRING (93311.75831339991 435751.420707056, 93313.91075188806 435751.9381851444, 93316.84195023445 435752.0999756348, 93316.50003971989 435755.6253715651, 93313.568404322 435755.4635197591, 93311.41566350126 435754.9460545041, 93311.75831339991 435751.420707056);18.15552497866882;0.4144151079400708;0.8805787184426732
north;4141;382;LINESTRING (93311.41581480697 435754.9460481753, 93313.568404322 435755.4635197591, 93316.4998209762 435755.6253408788, 93316.15758102824 435759.154133982, 93313.22572689282 435758.9922515708, 93311.07283478451 435758.4747925174, 93311.41581480697 435754.9460481753);18.174332910880857;0.15105275008331176;1.0
north;4141;383;LINESTRING (93311.07298606567 435758.4747863431, 93313.22572689282 435758.9922515708, 93316.15736229348 435759.1541033468, 93315.82159776603 435762.6717060531, 93312.88951719255 435762.5097979686, 93310.73648640467 435761.9923289675, 93311.07298606567 435758.4747863431);18.114342757327847;0.010467820757588639;1.0
north;4141;384;LINESTRING (93310.73662507761 435761.9923389372, 93312.88951719255 435762.5097979686, 93315.82137133037 435762.6716803427, 93315.49593138075 435766.171750334, 93312.56361972184 435766.0098195477, 93310.41045780812 435765.4923308548, 93310.73662507761 435761.9923389372);18.01947460670645;0.04457263083379992;1.0
north;4141;385;LINESTRING (93310.41058892765 435765.4923505718, 93312.56361972184 435766.0098195477, 93315.49570029782 435766.1717276002, 93315.16415156524 435769.6792084783, 93312.2316216116 435769.517247282, 93310.07830877119 435768.9997643029, 93310.41058892765 435765.4923505718);18.062605828176697;0.3784852634562255;0.9999999999999998
north;4141;386;LINESTRING (93310.07845969149 435768.9997586118, 93312.2316216116 435769.517247282, 93315.16393327294 435769.6791780355, 93314.82207634659 435773.2040235534, 93311.8893276591 435773.0420319312, 93309.73586360645 435772.5245545213, 93310.07845969149 435768.9997586118);18.159215708373722;0.13898761689790537;1.0000000000000002
north;4142;368;LINESTRING (93321.29529326182 435706.2141706723, 93324.22364735574 435706.3755579798, 93326.64581546307 435706.6687165902, 93326.30355528717 435710.200156602, 93323.88110476079 435709.9074656409, 93320.95231291969 435709.746015753, 93321.29529326182 435706.2141706723);19.053790030384697;0.39078118083064256;0.7058525190891627
north;4142;369;LINESTRING (93320.95253178678 435709.7460470355, 93323.88110476079 435709.9074656409, 93326.30341408544 435710.2003903954, 93325.96152650155 435713.7279864266, 93323.5389350695 435713.4355287686, 93320.6099248164 435713.2740477398, 93320.95253178678 435709.7460470355);19.03424969551125;0.07871310569270966;0.9997360859867954
north;4142;370;LINESTRING (93320.6101432259 435713.2740789154, 93323.5389350695 435713.4355287686, 93325.96138559989 435713.7282197034, 93325.61952050647 435717.2555841047, 93323.19678789152 435716.9633601925, 93320.26755878865 435716.8018480096, 93320.6101432259 435713.2740789154);19.034200693527314;0.0;1.0
north;4142;371;LINESTRING (93320.26777763576 435716.8018792022, 93323.19678789152 435716.9633601925, 93325.61937932749 435717.2558178245, 93325.29071746819 435720.7616187689, 93322.85431285892 435720.4945725094, 93319.92486491636 435720.3330292122, 93320.26777763576 435716.8018792022);19.041068668256074;0.21894460525774886;1.0
north;4142;372;LINESTRING (93319.92508375359 435720.3330603622, 93322.85431285892 435720.4945725094, 93325.27704547792 435720.7867963964, 93324.94838701759 435724.2925626935, 93322.51186003073 435724.0255563095, 93319.58219325838 435723.8639819486, 93319.92508375359 435720.3330603622);19.041273697635468;0.6286493666191846;0.9676178537324441
north;4142;382;LINESTRING (93316.50003971989 435755.6253715651, 93319.43145634574 435755.787192683, 93321.8724612895 435756.0478046458, 93321.53045607955 435759.5766199012, 93319.08921640058 435759.3159857561, 93316.15736229348 435759.1541033468, 93316.50003971989 435755.6253715651);19.103879883032462;0.26653405876365566;0.787545107281913
north;4142;383;LINESTRING (93316.15758102824 435759.154133982, 93319.08921640058 435759.3159857561, 93321.53033871813 435759.5766087805, 93321.20514420111 435763.076670628, 93318.7534518756 435762.8335884261, 93315.82137133037 435762.6716803427, 93316.15758102824 435759.154133982);19.034683467052563;0.04459454505518752;1.0
north;4142;384;LINESTRING (93315.82159776603 435762.6717060531, 93318.7534518756 435762.8335884261, 93321.19469155841 435763.094222546, 93320.86949355472 435766.5943207917, 93318.42801192842 435766.3336583846, 93315.49570029782 435766.1717276002, 93315.82159776603 435762.6717060531);18.94491354298815;0.0648828660091094;1.0
north;4142;385;LINESTRING (93315.49593138075 435766.171750334, 93318.42801192842 435766.3336583846, 93320.87970425689 435766.5767405629, 93320.53806193892 435770.1018127669, 93318.09646319834 435769.841139231, 93315.16393327294 435769.6791780355, 93315.49593138075 435766.171750334);19.026515355779175;0.06850696639175288;0.9999999999999998
north;4142;386;LINESTRING (93315.16415156524 435769.6792084783, 93318.09646319834 435769.841139231, 93320.53794482825 435770.1018016069, 93320.19632236057 435773.6266694224, 93317.75460627442 435773.3659847137, 93314.82185761507 435773.2039930918, 93315.16415156524 435769.6792084783);19.087397798396495;0.0;1.0000000000000002
north;4142;387;LINESTRING (93314.82207634659 435773.2040235534, 93317.75460627442 435773.3659847137, 93320.19620501873 435773.6266582202, 93319.85425257171 435777.1549311986, 93317.41241914895 435776.894235292, 93314.47945176405 435776.7322132913, 93314.82207634659 435773.2040235534);19.107035686586567;0.09423576571153018;0.9827408654580942
north;4143;367;LINESTRING (93326.99259466656 435703.1255647023, 93329.42797464218 435703.3934101901, 93332.2213300126 435703.7996414528, 93331.86182662044 435707.3678680114, 93329.0681247646 435706.9616413746, 93326.64581546307 435706.6687165902, 93326.99259466656 435703.1255647023);18.84934698227576;0.16397285323027005;0.9768064986530378
north;4143;368;LINESTRING (93326.64595667648 435706.6684827627, 93329.0681247646 435706.9616413746, 93331.86165315003 435707.3678596938, 93331.51973990508 435710.8993163515, 93328.72586459247 435710.4930813541, 93326.30341408544 435710.2003903954, 93326.64595667648 435706.6684827627);18.659882585319608;0.12243662134176894;1.0
north;4143;369;LINESTRING (93326.30355528717 435710.200156602, 93328.72586459247 435710.4930813541, 93331.51956645367 435710.8993079604, 93331.17802540815 435714.426920776, 93328.38397701262 435714.0206773589, 93325.96138559989 435713.7282197034, 93326.30355528717 435710.200156602);18.64060328230839;0.5794959417253033;1.0
north;4143;370;LINESTRING (93325.96152650155 435713.7279864266, 93328.38397701262 435714.0206773589, 93331.17785233037 435714.4269123212, 93330.83633373774 435717.9542936668, 93328.04211192309 435717.548041735, 93325.61937932749 435717.2558178245, 93325.96152650155 435713.7279864266);18.640412231669547;0.4326506614743157;1.0000000000000002
north;4143;371;LINESTRING (93325.61952050647 435717.2555841047, 93328.04211192309 435717.548041735, 93330.83616032398 435717.9542851195, 93330.49431446017 435721.4850471147, 93327.71345006757 435721.0538426524, 93325.27704547792 435720.7867963964, 93325.61952050647 435717.2555841047);18.589515655466823;0.5763647501317173;0.7957340137034468
north;4143;384;LINESTRING (93321.20514420111 435763.076670628, 93323.64638386414 435763.3373047517, 93326.44915357066 435763.7326217199, 93326.11783584402 435767.2438244448, 93323.32118586388 435766.8374029666, 93320.87970425689 435766.5767405629, 93321.20514420111 435763.076670628);18.576153907396623;0.00581384950949357;0.9605077105013928
north;4143;385;LINESTRING (93320.86949355472 435766.5943207917, 93323.32118586388 435766.8374029666, 93326.11766263688 435767.2438148269, 93325.77636637053 435770.7689062632, 93322.97954354931 435770.3624751409, 93320.53794482825 435770.1018016069, 93320.86949355472 435766.5943207917);18.685062847282126;0.027355986547650143;1.0
north;4143;386;LINESTRING (93320.53806193892 435770.1018127669, 93322.97954354931 435770.3624751409, 93325.77619353517 435770.7688965898, 93325.43491708431 435774.2937837905, 93322.63792108532 435773.8873429294, 93320.19620501873 435773.6266582202, 93320.53806193892 435770.1018127669);18.692602447213076;0.28157928023714024;0.8441362457408886
north;4144;367;LINESTRING (93332.2215030222 435703.7996285426, 93335.0148583671 435704.2058598016, 93337.59515468495 435704.7062069335, 93337.25293416891 435708.2414946192, 93334.65535498026 435707.7740863307, 93331.86165315003 435707.3678596938, 93332.2215030222 435703.7996285426);19.479112674081343;0.05665640357493506;1.0000000000000002
north;4144;368;LINESTRING (93331.86182662044 435707.3678680114, 93334.65535498026 435707.7740863307, 93337.2529016206 435708.2415022677, 93336.91105347048 435711.7729436763, 93334.31344174049 435711.305542953, 93331.51956645367 435710.8993079604, 93331.86182662044 435707.3678680114);19.337794592811267;0.36417465463324245;1.0
north;4144;369;LINESTRING (93331.51973990508 435710.8993163515, 93334.31344174049 435711.305542953, 93336.91102093529 435711.7729512145, 93336.56954489247 435715.3005490153, 93333.97190070048 435714.8331557356, 93331.17785233037 435714.4269123212, 93331.51973990508 435710.8993163515);19.317472464472115;0.3213223978350687;1.0000000000000002
north;4144;370;LINESTRING (93331.17802540815 435714.426920776, 93333.97190070048 435714.8331557356, 93336.56951243653 435715.3005564278, 93336.22805882088 435718.8279229764, 93333.63038211307 435718.3605370458, 93330.83616032398 435717.9542851195, 93331.17802540815 435714.426920776);19.31693179310029;0.7107374665665942;0.8094358652850507
north;4145;367;LINESTRING (93337.612405001 435704.6732757684, 93340.192701297 435705.1736228974, 93342.83806294839 435705.4124899706, 93342.49593154895 435708.9477963967, 93339.85048078693 435708.7089105484, 93337.2529016206 435708.2415022677, 93337.612405001 435704.6732757684);18.79908668573315;0.44468102766783735;0.8121325200360183
north;4145;368;LINESTRING (93337.25293416891 435708.2414946192, 93339.85048078693 435708.7089105484, 93342.49588704236 435708.947787005, 93342.15412791194 435712.4792471356, 93339.50863264306 435712.2403519304, 93336.91102093529 435711.7729512145, 93337.25293416891 435708.2414946192);18.7569473275992;0.18103345754723024;0.9999999999999998
north;4145;369;LINESTRING (93336.91105347048 435711.7729436763, 93339.50863264306 435712.2403519304, 93342.1540834083 435712.4792377439, 93341.81269628843 435716.0068542485, 93339.16715660642 435715.7679496997, 93336.56951243653 435715.3005564278, 93336.91105347048 435711.7729436763);18.736804136284544;0.2675313210388556;1.0
north;4145;370;LINESTRING (93336.56954489247 435715.3005490153, 93339.16715660642 435715.7679496997, 93341.81265187883 435716.0068448756, 93341.4712871802 435719.534230126, 93338.82570299706 435719.2953162234, 93336.22802631115 435718.8279302939, 93336.56954489247 435715.3005490153);18.73584791131755;0.3602553096173385;1.0000000000000002
north;4146;368;LINESTRING (93342.49593154895 435708.9477963967, 93345.14133778116 435709.1866728457, 93347.8356153077 435709.7725879419, 93347.49389233676 435713.3040079882, 93344.79957865403 435712.7181329468, 93342.1540834083 435712.4792377439, 93342.49593154895 435708.9477963967);19.138898835296583;0.38695424816550605;0.9048148974778564
north;4146;369;LINESTRING (93342.15412791194 435712.4792471356, 93344.79957865403 435712.7181329468, 93347.49387427112 435713.3040279219, 93347.15252323968 435716.8316047105, 93344.45819153757 435716.2457494198, 93341.81265187883 435716.0068448756, 93342.15412791194 435712.4792471356);19.11828546552699;0.20655941485603752;0.9999999999999998
north;4146;370;LINESTRING (93341.81269628843 435716.0068542485, 93344.45819153757 435716.2457494198, 93347.1525052278 435716.8316244301, 93346.81117658397 435720.3589702967, 93344.11682684239 435719.7731346349, 93341.47124268225 435719.5342207339, 93341.81269628843 435716.0068542485);19.11724967804253;0.19957232320754795;1.0
north;4146;371;LINESTRING (93341.4712871802 435719.534230126, 93344.11682684239 435719.7731346349, 93346.81115855202 435720.3589898952, 93346.46950276614 435723.8897169261, 93343.77513500227 435723.3039007363, 93341.12950634374 435723.0649774785, 93341.4712871802 435719.534230126);19.13579043352353;0.4106190702313107;0.985168506255531
north;4147;369;LINESTRING (93347.49389233676 435713.3040079882, 93350.18818793041 435713.8899029568, 93352.88532246058 435714.1168380402, 93352.54392878576 435717.6444247853, 93349.84683690642 435717.4174797122, 93347.1525052278 435716.8316244301, 93347.49389233676 435713.3040079882);19.29620965013069;0.565682236922056;0.9761503959121217
north;4147;370;LINESTRING (93347.15252323968 435716.8316047105, 93349.84683690642 435717.4174797122, 93352.54395009002 435717.6444197868, 93352.20257880721 435721.1717755898, 93349.50550826998 435720.9448255472, 93346.81115855202 435720.3589898952, 93347.15252323968 435716.8316047105);19.294929313452652;0.4094066760820708;1.0000000000000002
north;4147;371;LINESTRING (93346.81117658397 435720.3589702967, 93349.50550826998 435720.9448255472, 93352.20260015236 435721.1717705876, 93351.86090168875 435724.7025075486, 93349.16385249168 435724.4755525477, 93346.46948475111 435723.8897363641, 93346.81117658397 435720.3589702967);19.313407468816465;0.20519914216209847;0.9999999999999998
north;4147;372;LINESTRING (93346.46950276614 435723.8897169261, 93349.16385249168 435724.4755525477, 93351.8609230318 435724.7025025571, 93351.51924665214 435728.2330117544, 93348.82221879259 435728.0060518041, 93346.12783304631 435727.4202549235, 93346.46950276614 435723.8897169261);19.312144515542688;0.1846734102113229;0.9186469582677741
north;4148;370;LINESTRING (93352.54392878576 435717.6444247853, 93355.24104194534 435717.8713648636, 93358.12760376377 435718.392866638, 93357.78607857306 435721.9201811784, 93354.89967066562 435721.3987206306, 93352.20260015236 435721.1717705876, 93352.54392878576 435717.6444247853);19.95071504168857;0.5008610529739255;0.9931821938784892
north;4148;371;LINESTRING (93352.20257880721 435721.1717755898, 93354.89967066562 435721.3987206306, 93357.7861556141 435721.9202017365, 93357.44430307153 435725.4508976374, 93354.55797220499 435724.929457558, 93351.8609230318 435724.7025025571, 93352.20257880721 435721.1717755898);19.969486896134377;0.37996452591496577;1.0000000000000002
north;4148;372;LINESTRING (93351.86090168875 435724.7025075486, 93354.55797220499 435724.929457558, 93357.44438011933 435725.4509180715, 93357.10254964724 435728.9813864569, 93354.21629582826 435728.4599667208, 93351.51926799284 435728.2330067746, 93351.86090168875 435724.7025075486);19.96784641047476;0.0665112572595771;1.0000000000000002
north;4148;373;LINESTRING (93351.51924665214 435728.2330117544, 93354.21629582826 435728.4599667208, 93357.10262670153 435728.9814067691, 93356.76081813444 435732.5116493456, 93353.8746413703 435731.9902498366, 93351.17763487002 435731.7632849498, 93351.51924665214 435728.2330117544);19.966215680297374;0.34090750950642235;0.8636420831147334
north;4149;371;LINESTRING (93357.78607857306 435721.9201811784, 93360.67256349456 435722.4416622771, 93363.01095849698 435722.6240727763, 93362.66905729828 435726.1547695689, 93360.33071095872 435725.9723581463, 93357.44438011933 435725.4509180715, 93357.78607857306 435721.9201811784);18.687748872474067;0.15398881830816427;1.0
north;4149;372;LINESTRING (93357.44430307153 435725.4508976374, 93360.33071095872 435725.9723581463, 93362.66908162949 435726.1547690997, 93362.32720250712 435729.6852383428, 93359.98888049336 435729.5028264939, 93357.10262670153 435728.9814067691, 93357.44430307153 435725.4508976374);18.68617947591729;0.3879539700767534;0.9999999999999997
north;4149;373;LINESTRING (93357.10254964724 435728.9813864569, 93359.98888049336 435729.5028264939, 93362.32722683533 435729.6852378898, 93361.9853696239 435733.2154812971, 93359.64707193288 435733.0330690371, 93356.76089519577 435732.5116695356, 93357.10254964724 435728.9813864569);18.68461922076963;0.057819191492763745;1.0
north;4149;374;LINESTRING (93356.76081813444 435732.5116493456, 93359.64707193288 435733.0330690371, 93361.98539394923 435733.2154808582, 93361.6435584829 435736.7455001352, 93359.30528511161 435736.5630874845, 93356.41918543591 435736.0417080825, 93356.76081813444 435732.5116493456);18.683068078989155;0.4891077579752932;0.838079567915242
north;4150;372;LINESTRING (93362.66905729828 435726.1547695689, 93365.00742795103 435726.3371805216, 93368.03615332847 435726.3157770854, 93367.69388034294 435729.8462675925, 93364.66554883105 435729.8676497351, 93362.32722683533 435729.6852378898, 93362.66905729828 435726.1547695689);19.00265759451467;0.22100857893089662;1.0000000000000002
north;4150;373;LINESTRING (93362.32720250712 435729.6852383428, 93364.66554883105 435729.8676497351, 93367.69407726251 435729.8462570019, 93367.35182624165 435733.3765213802, 93364.32369162211 435733.3978931113, 93361.98539394923 435733.2154808582, 93362.32720250712 435729.6852383428);19.00066432816167;0.33651938109571194;1.0
north;4150;374;LINESTRING (93361.9853696239 435733.2154812971, 93364.32369162211 435733.3978931113, 93367.35202313456 435733.3765109341, 93367.00979391267 435736.906550888, 93363.98185615861 435736.9279123665, 93361.64358280541 435736.7454997133, 93361.9853696239 435733.2154812971);18.998680417921015;0.11058928001123505;0.9999999999999998
north;4150;375;LINESTRING (93361.6435584829 435736.7455001352, 93363.98185615861 435736.9279123665, 93367.00999077853 435736.9065405926, 93366.66778318971 435740.4363578276, 93363.64004227458 435740.4577092011, 93361.30179323821 435740.2752961661, 93361.6435584829 435736.7455001352);18.99670583075402;0.7101339622235281;0.894860978295995
north;4151;373;LINESTRING (93367.69388034294 435729.8462675925, 93370.72240874451 435729.824874863, 93373.56171140997 435730.0814707041, 93373.21919880043 435733.6117155987, 93370.38015772404 435733.3551392006, 93367.35202313456 435733.3765109341, 93367.69388034294 435729.8462675925);20.79431503407572;0.1841475298990832;0.9994844556013722
north;4151;374;LINESTRING (93367.35182624165 435733.3765213802, 93370.38015772404 435733.3551392006, 93373.21932959251 435733.6117253071, 93372.8768387991 435737.1417457685, 93370.03792850248 435736.8851791196, 93367.00999077853 435736.9065405926, 93367.35182624165 435733.3765213802);20.791837045398598;0.4221658071819735;1.0000000000000002
north;4151;375;LINESTRING (93367.00979391267 435736.906550888, 93370.03792850248 435736.8851791196, 93372.87696958249 435737.1417554776, 93372.53450043955 435740.6715532198, 93369.69572091404 435740.4149963137, 93366.66798002893 435740.4363476824, 93367.00979391267 435736.906550888);20.78936930774565;0.8896941657329037;0.9822173133742933
north;4152;374;LINESTRING (93373.21919880043 435733.6117155987, 93376.05837064219 435733.8683016995, 93378.43762038869 435733.8018835086, 93378.09482859841 435737.3319133168, 93375.71587985253 435737.3983221294, 93372.87696958249 435737.1417554776, 93373.21919880043 435733.6117155987);18.485266118040105;0.5950646402138416;0.7707222927700046
north;4143;388;LINESTRING (93319.89854159433 435776.4158546507, 93322.34025766375 435776.6765393377, 93325.13725366723 435777.0829801716, 93324.79566705356 435780.6110716693, 93321.99832475214 435780.2046110922, 93319.55637402154 435779.9439039644, 93319.89854159433 435776.4158546507);18.711656736022302;0.03705624163326298;1.0
north;4143;389;LINESTRING (93319.55649134589 435779.943915213, 93321.99832475214 435780.2046110922, 93324.79549391603 435780.6110617442, 93324.4539266428 435784.1389539071, 93321.6564112159 435783.7324833696, 93319.21434316602 435783.4717650017, 93319.55649134589 435779.943915213);18.71163085495128;0.06761012297573459;1.0
north;4144;381;LINESTRING (93327.49550448894 435752.4502956024, 93330.29128739156 435752.8566487293, 93332.88928510761 435753.3240081659, 93332.5480199524 435756.8494324526, 93329.94995753508 435756.382085339, 93327.15382849092 435755.9757135569, 93327.49550448894 435752.4502956024);19.314394245541262;0.12800194507741722;0.7953765101416047
north;4144;382;LINESTRING (93327.15400172723 435755.9757229484, 93329.94995753508 435756.382085339, 93332.54798757791 435756.8494385461, 93332.21287211192 435760.3672095622, 93329.61476619271 435759.8998551447, 93326.8119965177 435759.5045381399, 93327.15400172723 435755.9757229484);19.294739268418496;0.0005396345747485643;1.0
north;4144;383;LINESTRING (93326.81863714308 435759.4934834008, 93329.61476619271 435759.8998551447, 93332.21282861594 435760.3672022271, 93331.88807546069 435763.8673269066, 93329.28991936735 435763.399957079, 93326.49344262612 435762.9935451849, 93326.81863714308 435759.4934834008);19.16484958825886;0.0;0.9999999999999998
north;4144;384;LINESTRING (93326.48714968722 435763.0046401095, 93329.28991936735 435763.399957079, 93331.88802529234 435763.8673114653, 93331.55679007775 435767.3785238001, 93328.95860163758 435766.9111597739, 93326.16195168355 435766.5047382917, 93326.48714968722 435763.0046401095);19.223851446354953;0.1153657759151144;0.9317024657020967
north;4144;386;LINESTRING (93325.8206554089 435770.0298297307, 93328.61730536794 435770.4362511772, 93331.21549381432 435770.9036151753, 93330.87428194506 435774.4284911272, 93328.27602891394 435773.9611383452, 93325.47903294151 435773.5546974826, 93325.8206554089 435770.0298297307);19.315137622662498;0.14310933100202713;0.9068967662159321
north;4144;387;LINESTRING (93325.47920611374 435773.5547072539, 93328.27602891394 435773.9611383452, 93330.87424962892 435774.4284966704, 93330.53270814045 435777.9567781651, 93327.93442279976 435777.4894308498, 93325.13725366723 435777.0829801716, 93325.47920611374 435773.5547072539);19.33452344369054;0.009039761251421394;1.0000000000000002
north;4144;388;LINESTRING (93325.13742682198 435777.0829900177, 93327.93442279976 435777.4894308498, 93330.53267583686 435777.9567835974, 93330.19115382899 435781.4848642739, 93327.5928361915 435781.0175223139, 93324.79549391603 435780.6110617442, 93325.13742682198 435777.0829900177);19.33414821443786;0.009806564643152745;1.0000000000000002
north;4144;389;LINESTRING (93324.79566705356 435780.6110716693, 93327.5928361915 435781.0175223139, 93330.19112153813 435781.4848695985, 93329.84961884594 435785.0127511607, 93327.25126892369 435784.5454144445, 93324.45375352236 435784.138943908, 93324.79566705356 435780.6110716693);19.33378220815317;0.2220237941090272;0.9789619180332004
north;4145;380;LINESTRING (93333.23063559536 435749.7983588642, 93335.82860088357 435750.265724639, 93338.47457656419 435750.5047163893, 93338.13337967021 435754.0303718637, 93335.48731512239 435753.7913613964, 93332.88928510761 435753.3240081659, 93333.23063559536 435749.7983588642);18.72961817356937;0.07755144316970052;0.9825810623675646
north;4145;381;LINESTRING (93332.88931742843 435753.3240019701, 93335.48731512239 435753.7913613964, 93338.13333528512 435754.0303624989, 93337.79215899792 435757.5558054732, 93335.14604997318 435757.3167856518, 93332.54798757791 435756.8494385461, 93332.88931742843 435753.3240019701);18.728761028910867;0.0;1.0
north;4145;382;LINESTRING (93332.5480199524 435756.8494324526, 93335.14604997318 435757.3167856518, 93337.7921145244 435757.555796084, 93337.45710170893 435761.0735869734, 93334.81093451314 435760.8345566374, 93332.21282861594 435760.3672022271, 93332.5480199524 435756.8494324526);18.68458486449686;0.0;1.0000000000000004
north;4145;383;LINESTRING (93332.21287211192 435760.3672095622, 93334.81093451314 435760.8345566374, 93337.4570435411 435761.0735764268, 93337.13241495201 435764.5737228334, 93334.48618136361 435764.33468129, 93331.88802529234 435763.8673114653, 93332.21287211192 435760.3672095622);18.585043940237412;0.0;1.0
north;4145;384;LINESTRING (93331.88807546069 435763.8673269066, 93334.48618136361 435764.33468129, 93337.13234856268 435764.5737115915, 93336.80122421848 435768.0849444942, 93334.15494615507 435767.8458935925, 93331.55675773666 435767.3785295676, 93331.88807546069 435763.8673269066);18.648100982248092;0.0;1.0000000000000002
north;4145;385;LINESTRING (93331.55679007775 435767.3785238001, 93334.15494615507 435767.8458935925, 93336.80117974666 435768.0849351136, 93336.46003694634 435771.6100337618, 93333.8137145013 435771.370973522, 93331.21549381432 435770.9036151753, 93331.55679007775 435767.3785238001);18.72825850534851;0.0024447752299131156;1.0000000000000002
north;4145;386;LINESTRING (93331.21552607691 435770.9036095307, 93333.8137145013 435771.370973522, 93336.4599925681 435771.6100243992, 93336.11886955285 435775.1349190305, 93333.47250263789 435774.8958494452, 93330.87424962892 435774.4284966704, 93331.21552607691 435770.9036095307);18.727446289487442;0.0;1.0
north;4145;387;LINESTRING (93330.87428194506 435774.4284911272, 93333.47250263789 435774.8958494452, 93336.11882508616 435775.1349096473, 93335.77737253791 435778.6632098455, 93333.13096115543 435778.4241309086, 93330.53267583686 435777.9567835974, 93330.87428194506 435774.4284911272);18.745811358083774;0.0014519208474941805;1.0
north;4145;388;LINESTRING (93330.53270814045 435777.9567781651, 93333.13096115543 435778.4241309086, 93335.7773280738 435778.6632004651, 93335.43589500109 435782.1912998423, 93332.78943915378 435781.9522115507, 93330.19112153813 435781.4848695985, 93330.53270814045 435777.9567781651);18.745016283716755;0.3173793246778256;0.8111322387083488
north;4146;378;LINESTRING (93339.1578647376 435743.4455717555, 93341.80375142238 435743.6845447848, 93344.49466605496 435744.2765695439, 93344.1566441857 435747.7999697634, 93341.46216359206 435747.2142392023, 93338.81618793786 435746.9752474262, 93339.1578647376 435743.4455717555);19.116976819982657;0.1445493049911247;0.7992441037726604
north;4146;379;LINESTRING (93338.81623241937 435746.9752568129, 93341.46216359206 435747.2142392023, 93344.15662628628 435747.7999880522, 93343.81509518411 435751.3294299188, 93341.12059670032 435750.7437175138, 93338.47457656419 435750.5047163893, 93338.81623241937 435746.9752568129);19.130648608897435;0.0;1.0
north;4146;380;LINESTRING (93338.47462104305 435750.50472577, 93341.12059670032 435750.7437175138, 93343.81507730152 435751.3294480448, 93343.47391613008 435754.8550674062, 93340.77939980986 435754.2693729611, 93338.13333528512 435754.0303624989, 93338.47462104305 435750.50472577);19.11014481395145;0.0;1.0
north;4146;381;LINESTRING (93338.13337967021 435754.0303718637, 93340.77939980986 435754.2693729611, 93343.47389830084 435754.8550853364, 93343.13925409687 435758.3693664996, 93340.43822352591 435757.794815901, 93337.7921145244 435757.555796084, 93338.13337967021 435754.0303718637);19.101871580029577;0.0;1.0
north;4146;382;LINESTRING (93337.79215899792 435757.5558054732, 93340.43822352591 435757.794815901, 93343.13273985373 435758.380510316, 93342.8081374672 435761.8806321823, 93340.10321071376 435761.3126067594, 93337.4570435411 435761.0735764268, 93337.79215899792 435757.5558054732);19.05200083186269;0.0;1.0
north;4146;383;LINESTRING (93337.45710170893 435761.0735869734, 93340.10321071376 435761.3126067594, 93342.80424129196 435761.8871573245, 93342.47313912622 435765.398440611, 93339.77858212791 435764.8127531373, 93337.13234856268 435764.5737115915, 93337.45710170893 435761.0735869734);18.98746576028442;0.0;1.0000000000000002
north;4146;384;LINESTRING (93337.13241495201 435764.5737228334, 93339.77858212791 435764.8127531373, 93342.4835088884 435765.3807785301, 93342.14203259346 435768.9096561362, 93339.44745778691 435768.3239860105, 93336.80117974666 435768.0849351136, 93337.13241495201 435764.5737228334);19.067907952303994;0.0;1.0
north;4146;385;LINESTRING (93336.80122421848 435768.0849444942, 93339.44745778691 435768.3239860105, 93342.14201479264 435768.9096734542, 93341.80090755179 435772.4347376185, 93339.1063149898 435771.8490846296, 93336.4599925681 435771.6100243992, 93336.80122421848 435768.0849444942);19.10830944151079;0.0;1.0000000000000004
north;4146;386;LINESTRING (93336.46003694634 435771.6100337618, 93339.1063149898 435771.8490846296, 93341.80088980409 435772.434754731, 93341.45980231493 435775.9596152032, 93338.76519197818 435775.373979235, 93336.11882508616 435775.1349096473, 93336.46003694634 435771.6100337618);19.107420756778428;0.09465439759822697;0.9770076272951614
north;4147;378;LINESTRING (93344.49821410939 435744.2702936736, 93347.18912871834 435744.862318418, 93349.87259254197 435745.1131899948, 93349.54804939157 435748.6127094171, 93346.85110685654 435748.3857186064, 93344.15662628628 435747.7999880522, 93344.49821410939 435744.2702936736);19.22172290376818;0.08824092611216303;0.9512647352640272
north;4147;379;LINESTRING (93344.1566441857 435747.7999697634, 93346.85110685654 435748.3857186064, 93349.54807072174 435748.6127044972, 93349.20649697208 435752.1421561266, 93346.5095757618 435751.91516044, 93343.81507730152 435751.3294480448, 93344.1566441857 435747.7999697634);19.306361511608728;0.0;0.9999999999999998
north;4147;380;LINESTRING (93343.81509518411 435751.3294299188, 93346.5095757618 435751.91516044, 93349.20651830014 435752.1421512205, 93348.86531452948 435755.6677803217, 93346.16841459775 435755.4407797714, 93343.47389830084 435754.8550853364, 93343.81509518411 435751.3294299188);19.285434964144933;0.0;1.0
north;4147;381;LINESTRING (93343.47391613008 435754.8550674062, 93346.16841459775 435755.4407797714, 93348.86533581125 435755.6677754272, 93348.53066541434 435759.1820668408, 93345.83377040106 435758.9550609048, 93343.13273985373 435758.380510316, 93343.47391613008 435754.8550674062);19.245465834492386;0.0;1.0
north;4147;382;LINESTRING (93343.13925409687 435758.3693664996, 93345.83377040106 435758.9550609048, 93348.53067033585 435759.1820614231, 93348.20606795698 435762.6821943772, 93345.50916802161 435762.4551827423, 93342.80424129196 435761.8871573245, 93343.13925409687 435758.3693664996);19.176637746617978;0.0;1.0000000000000002
north;4147;383;LINESTRING (93342.8081374672 435761.8806321823, 93345.50916802161 435762.4551827423, 93348.20606303801 435762.6821886479, 93347.87494447964 435766.1934824709, 93345.17806586297 435765.9664659942, 93342.4835088884 435765.3807785301, 93342.8081374672 435761.8806321823);19.192609983653664;0.0;1.0
north;4147;384;LINESTRING (93342.47313912622 435765.398440611, 93345.17806586297 435765.9664659942, 93347.8749658015 435766.1934775999, 93347.53344687594 435769.7223648721, 93344.83658957572 435769.4953435705, 93342.14201479264 435768.9096734542, 93342.47313912622 435765.398440611);19.29175894057786;0.0678485924125818;1.0
north;4147;385;LINESTRING (93342.14203259346 435768.9096561362, 93344.83658957572 435769.4953435705, 93347.5334681955 435769.7223600135, 93347.19231837179 435773.2474338166, 93344.4954823423 435773.0204077055, 93341.80088980409 435772.434754731, 93342.14203259346 435768.9096561362);19.28243353187404;0.2932199118735305;0.7650215985571659
north;4148;380;LINESTRING (93349.20649697208 435752.1421561266, 93351.90343948649 435752.369146909, 93354.78924454271 435752.8904842574, 93354.44788670551 435756.4160745324, 93351.5622357189 435755.8947759738, 93348.86533581125 435755.6677754272, 93349.20649697208 435752.1421561266);19.93764400720104;0.14310111811452278;0.9999999999999998
north;4148;381;LINESTRING (93348.86531452948 435755.6677803217, 93351.5622357189 435755.8947759738, 93354.44796366827 435756.41609383, 93354.11314443333 435759.9303609465, 93351.22756532501 435759.4090673539, 93348.53067033585 435759.1820614231, 93348.86531452948 435755.6677803217);19.86917116353089;0.0;1.0000000000000002
north;4148;382;LINESTRING (93348.53066541434 435759.1820668408, 93351.22756532501 435759.4090673539, 93354.11321631857 435759.930365879, 93353.78847330689 435763.4304975948, 93350.90296294943 435762.9092002794, 93348.20606303801 435762.6821886479, 93348.53066541434 435759.1820668408);19.782345279659094;0.009653649757647851;1.0000000000000002
north;4148;383;LINESTRING (93348.20606795698 435762.6821943772, 93350.90296294943 435762.9092002794, 93353.78854206394 435763.4304938358, 93353.45727760583 435766.9417723757, 93350.57184439414 435766.42049407, 93347.8749658015 435766.1934775999, 93348.20606795698 435762.6821943772);19.849196695981604;0.1434204713433302;0.950442013791025
north;4149;380;LINESTRING (93354.78916742919 435752.890464799, 93357.67497245797 435753.4118021329, 93360.01314154126 435753.5942114279, 93359.67173514391 435757.1198023275, 93357.33361462766 435756.9373923769, 93354.44796366827 435756.41609383, 93354.78916742919 435752.890464799);18.657478872675377;0.25764977360482516;0.9411574742098302
north;4149;381;LINESTRING (93354.44788670551 435756.4160745324, 93357.33361462766 435756.9373923769, 93359.6717594025 435757.1198019918, 93359.33688890118 435760.6340678651, 93356.99879539928 435760.4516594603, 93354.11321631857 435759.930365879, 93354.44788670551 435756.4160745324);18.593348932790118;0.12319008770417887;1.0000000000000002
north;4149;382;LINESTRING (93354.11314443333 435759.9303609465, 93356.99879539928 435760.4516594603, 93359.3369159182 435760.6340693781, 93359.01211725397 435764.1341968832, 93356.67405239429 435763.9517911426, 93353.78854206394 435763.4304938358, 93354.11314443333 435759.9303609465);18.512033340956005;0.21325708520760553;0.7210369626550109
north;4150;380;LINESTRING (93360.01311723003 435753.5942117781, 93362.35128629515 435753.7766210688, 93365.37852526494 435753.7552661167, 93365.03672577767 435757.2808758906, 93362.0098799007 435757.3022119392, 93359.6717594025 435757.1198019918, 93360.01311723003 435753.5942117781);18.97046256619285;0.20499042958606353;0.9017798852592427
north;4151;379;LINESTRING (93365.72030183722 435750.2258530068, 93368.74773756397 435750.2044883952, 93371.58626269802 435750.4610262834, 93371.24383105547 435753.990439126, 93368.40556744421 435753.7339207233, 93365.37852526494 435753.7552661167, 93365.72030183722 435750.2258530068);20.78280611028525;0.15914170761729565;0.8241254931415312
north;4144;364;LINESTRING (93333.27715436145 435693.7378433897, 93336.06999055923 435694.1440927916, 93338.66749336119 435694.611644547, 93338.2908704328 435698.2117713476, 93335.69336014485 435697.7443050158, 93332.91741891706 435697.3048926375, 93333.27715436145 435693.7378433897);19.661440334366965;0.14260297805285688;0.8398407219231212
north;4144;365;LINESTRING (93332.90493141871 435697.3291985924, 93335.69336014485 435697.7443050158, 93338.29086670416 435698.21181399, 93337.91436180433 435701.8107219402, 93335.33406549212 435701.310374787, 93332.540710152 435700.9041435053, 93332.90493141871 435697.3291985924);19.566210802775952;0.3694547346617193;0.9760410884780086
north;4145;360;LINESTRING (93340.14041558852 435680.267691164, 93342.73787427956 435680.7353805373, 93345.37245467326 435680.9953829806, 93345.00610581887 435684.57874359, 93342.36082487769 435684.3399113014, 93339.76335853332 435683.8723082636, 93340.14041558852 435680.267691164);19.11954884498846;0.08740165417712065;0.768708314140459
north;4145;361;LINESTRING (93339.76336234572 435683.872265167, 93342.36082487769 435684.3399113014, 93345.00609673615 435684.5787371889, 93344.62918421696 435688.1820546462, 93341.9838942049 435687.94321599, 93339.40373651849 435687.4417537993, 93339.76336234572 435683.872265167);19.084741815322758;0.022807488626038954;1.0
north;4145;362;LINESTRING (93339.38642785419 435687.4756129857, 93341.9838942049 435687.94321599, 93344.62917514991 435688.18204825, 93344.25238115275 435691.7841414383, 93341.62439970399 435691.5116736353, 93339.0268969303 435691.0441218526, 93339.38642785419 435687.4756129857);18.984345287447027;0.013029846806984439;1.0000000000000002
north;4145;363;LINESTRING (93339.04424201109 435691.0102114785, 93341.62439970399 435691.5116736353, 93344.26968971972 435691.7505122612, 93343.89690433918 435695.3438906597, 93341.26499989208 435695.0791535429, 93338.66749336119 435694.611644547, 93339.04424201109 435691.0102114785);18.99737084191794;0.008266696576808192;1.0000000000000002
north;4145;364;LINESTRING (93338.66749711204 435694.6116017926, 93341.26499989208 435695.0791535429, 93343.8929813446 435695.3516213195, 93343.53372960293 435698.9181410562, 93340.88837696996 435698.6792803108, 93338.29086670416 435698.21181399, 93338.66749711204 435694.6116017926);19.06963883266621;0.005172760112492347;1.0
north;4145;365;LINESTRING (93338.2908704328 435698.2117713476, 93340.88837696996 435698.6792803108, 93343.52028142117 435698.9440173944, 93343.15723372507 435702.5170553363, 93340.51187207672 435702.2781882368, 93337.93157578621 435701.7778410833, 93338.2908704328 435698.2117713476);19.007924563979856;0.08114411632842312;0.9999999999999998
north;4145;366;LINESTRING (93337.91436180433 435701.8107219402, 93340.51187207672 435702.2781882368, 93343.15722471314 435702.5170489486, 93342.79776461155 435706.0857226372, 93340.15235835919 435705.8468461579, 93337.55481174609 435705.3794302006, 93337.91436180433 435701.8107219402);18.964161119562974;0.7939469379655935;0.8818614837455537
north;4144;386;LINESTRING (93325.76420762486 435770.9718062176, 93328.56085758519 435771.3782276558, 93331.15904603302 435771.8455916509, 93330.81783417446 435775.3704676005, 93328.21958114207 435774.9031148251, 93325.42258516859 435774.4966739719, 93325.76420762486 435770.9718062176);19.315137621289082;0.9146495637746624;0.9173768269593461
north;4145;387;LINESTRING (93330.81783417446 435775.3704676005, 93333.41605486863 435775.8378259103, 93336.06237731769 435776.0768861058, 93335.72092478009 435779.6051863028, 93333.07451339724 435779.3661073729, 93330.47622807726 435778.8987600732, 93330.81783417446 435775.3704676005);18.745811350969838;0.9780510206720767;0.9780510206729093
north;4146;387;LINESTRING (93336.06242178415 435776.0768954894, 93338.70874421005 435776.3159556811, 93341.40333678099 435776.9016086266, 93341.06191977269 435780.4298749589, 93338.36729167581 435779.8442558465, 93335.72088031624 435779.6051769225, 93336.06242178415 435776.0768954894);19.126098502959124;0.6336437834903633;0.9332895631774315
north;4146;388;LINESTRING (93335.72092478009 435779.6051863028, 93338.36729167581 435779.8442558465, 93341.061902022 435780.429891779, 93340.72050445579 435783.9579576163, 93338.02585861768 435783.3723551955, 93335.37940279293 435783.1332669199, 93335.72092478009 435779.6051863028);19.125227305767606;0.39769864099163565;0.9804607721373212
north;4147;385;LINESTRING (93342.08558480554 435769.8516325777, 93344.78014178929 435770.4373200011, 93347.47702040966 435770.6643364352, 93347.1358705968 435774.1894102382, 93344.43903456697 435773.9623841377, 93341.74444202663 435773.3767311685, 93342.08558480554 435769.8516325777);19.282433523927864;0.5159783661965894;0.7450917884120184
north;4147;386;LINESTRING (93341.74445977458 435773.3767140585, 93344.43903456697 435773.9623841377, 93347.13589187074 435774.189405398, 93346.79476181384 435777.7142754885, 93344.0979470961 435777.4872445809, 93341.40333678099 435776.9016086266, 93341.74445977458 435773.3767140585);19.28130215925177;0.28555254444631667;0.9999999999999998
north;4147;387;LINESTRING (93341.40335454853 435776.9015916417, 93344.0979470961 435777.4872445809, 93346.79478312939 435777.7142706539, 93346.45332350301 435781.242546586, 93343.75653009505 435781.0155108796, 93341.061902022 435780.429891779, 93341.40335454853 435776.9015916417);19.299915359681258;0.14300331715098286;0.9910596275462854
north;4148;384;LINESTRING (93347.81849668265 435767.13545889, 93350.51539659771 435767.3624704853, 93353.40090696327 435767.8837677562, 93353.05923374619 435771.4126171413, 93350.17387768623 435770.8913577249, 93347.47702040966 435770.6643364352, 93347.81849668265 435767.13545889);19.95487342230859;0.38565858683953946;0.9554033760426806
north;4148;385;LINESTRING (93347.47699908979 435770.6643412949, 93350.17387768623 435770.8913577249, 93353.05931090607 435771.4126359913, 93352.71800693418 435774.9376721841, 93349.83272787675 435774.4164315008, 93347.13589187074 435774.189405398, 93347.47699908979 435770.6643412949);19.93295812214584;0.06533215055627585;1.0
north;4148;386;LINESTRING (93347.1358705968 435774.1894102382, 93349.83272787675 435774.4164315008, 93352.71808394339 435774.9376908772, 93352.37679971318 435778.462523604, 93349.49159782306 435777.9413015613, 93346.79478312939 435777.7142706539, 93347.1358705968 435774.1894102382);19.931454689730934;0.10979017108999743;0.9329583089681921
north;4149;382;LINESTRING (93354.05669661675 435760.8723373531, 93356.94234758429 435761.3936358569, 93359.28046810345 435761.5760457701, 93358.95566945027 435765.0761732701, 93356.61760459011 435764.8937675374, 93353.7320942583 435764.3724702391, 93354.05669661675 435760.8723373531);18.512033319280533;0.5078814453707715;0.8014827016282143
north;4149;383;LINESTRING (93353.73202550107 435764.372473997, 93356.61760459011 435764.8937675374, 93358.95569809469 435765.0761759049, 93358.62438070882 435768.5874520383, 93356.28634014915 435768.4050460462, 93353.40090696327 435767.8837677562, 93353.73202550107 435764.372473997);18.574514734850947;0.14084648560819743;1.0
north;4149;384;LINESTRING (93353.40082981074 435767.8837487803, 93356.28634014915 435768.4050460462, 93358.6244050118 435768.5874517557, 93358.28268320119 435772.1163016417, 93355.94466693889 435771.933895397, 93353.05931090607 435771.4126359913, 93353.40082981074 435767.8837487803);18.6733014848302;0.10624536864286714;1.0
north;4149;385;LINESTRING (93353.05923374619 435771.4126171413, 93355.94466693889 435771.933895397, 93358.2827075011 435772.1163013645, 93357.94135499111 435775.641338032, 93355.60336297382 435775.4589315549, 93352.71808394339 435774.9376908772, 93353.05923374619 435771.4126171413);18.65275952748605;0.21369432714621084;0.7877692348199166
north;4150;381;LINESTRING (93359.61528731821 435758.0617787122, 93361.9534320753 435758.2441883182, 93364.98047428444 435758.2228428738, 93364.64524472931 435761.7371146431, 93361.61856158756 435761.758454164, 93359.28046810345 435761.5760457701, 93359.61528731821 435758.0617787122);18.907910586165976;0.3805438367392073;0.9591664301693527
north;4150;382;LINESTRING (93359.28044108642 435761.5760442519, 93361.61856158756 435761.758454164, 93364.64540746482 435761.7371180738, 93364.32030372611 435765.2372308901, 93361.29376293678 435765.2585816362, 93358.95569809469 435765.0761759049, 93359.28044108642 435761.5760442519);18.82972275524955;0.0026426962656222928;1.0
north;4150;383;LINESTRING (93358.95566945027 435765.0761732701, 93361.29376293678 435765.2585816362, 93364.3204460789 435765.2372420804, 93363.98878965926 435768.7485159284, 93360.96244555348 435768.7698577467, 93358.6244050118 435768.5874517557, 93358.95566945027 435765.0761732701);18.889878872256123;0.03633137979169814;1.0000000000000002
north;4151;380;LINESTRING (93365.3218806677 435754.6972520424, 93368.34911960748 435754.6758970887, 93371.1875139784 435754.9324252044, 93370.84545326362 435758.4580154652, 93368.00732013138 435758.2015068266, 93364.98047428444 435758.2228428738, 93365.3218806677 435754.6972520424);20.75914387194868;0.10728210169546552;0.9153077773281104
north;4151;381;LINESTRING (93364.98027795208 435758.2228522612, 93368.00732013138 435758.2015068266, 93370.84558374702 435758.4580251828, 93370.52057889951 435761.9544767771, 93367.67209057648 435761.7157785546, 93364.64540746482 435761.7371180738, 93364.98027795208 435758.2228522612);20.678858936226266;0.0;1.0000000000000002
north;4151;382;LINESTRING (93364.64524472931 435761.7371146431, 93367.67209057648 435761.7157785546, 93370.51022371254 435761.9722871635, 93370.18486553289 435765.4723809478, 93367.34698683817 435765.2158913363, 93364.3204460789 435765.2372420804, 93364.64524472931 435761.7371146431);20.603589800431102;0.13823271081607486;0.9147303905875807
north;4152;379;LINESTRING (93371.52968408357 435751.4029929057, 93374.36820919177 435751.6595307844, 93376.74670516077 435751.5930957239, 93376.40397271854 435755.122516529, 93374.02577756374 435755.1889435907, 93371.1875139784 435754.9324252044, 93371.52968408357 435751.4029929057);18.4771175304735;0.021902380694741774;0.9999999175185865
north;4152;380;LINESTRING (93371.18738321944 435754.9324154725, 93374.02577756374 435755.1889435907, 93376.40412311442 435755.1225125843, 93376.06176194147 435758.6481105254, 93373.68371685289 435758.7145338229, 93370.84558374702 435758.4580251828, 93371.18738321944 435754.9324154725);18.456113118020692;0.0676398717033888;0.9998474173377979
north;4153;379;LINESTRING (93376.74655474251 435751.5930998061, 93379.12505069328 435751.5266647535, 93382.07327241002 435751.7630420472, 93381.73010945233 435755.2924339509, 93378.78231825073 435755.0560855273, 93376.40412311442 435755.1225125843, 93376.74655474251 435751.5930998061);18.85718735691817;0.1666105908979943;0.8495661820436383
north;4143;387;LINESTRING (93320.22673809374 435773.1191045824, 93322.66833681786 435773.3797780876, 93325.46515964398 435773.7862091847, 93325.12355352717 435777.3145017176, 93322.3263843687 435776.9080510368, 93319.88455096573 435776.64735513, 93320.22673809374 435773.1191045824);18.711691511833326;0.7010312359806175;0.7010312359787939
north;4143;388;LINESTRING (93319.88466829891 435776.6473663527, 93322.3263843687 435776.9080510368, 93325.12338037229 435777.3144918719, 93324.78179376121 435780.8425833674, 93321.9844514596 435780.4361227973, 93319.54250072889 435780.1754156728, 93319.88466829891 435776.6473663527);18.711656754137103;0.9955051320223806;0.9955051320220782
north;4144;386;LINESTRING (93325.80678210859 435770.2613414314, 93328.60343206802 435770.6677628766, 93331.20162051475 435771.1351268738, 93330.86040864792 435774.6600028242, 93328.26215561669 435774.1926500457, 93325.46515964398 435773.7862091847, 93325.80678210859 435770.2613414314);19.31513762403433;0.9289698384937235;0.9289698384946452
north;4144;387;LINESTRING (93325.4653328163 435773.7862189559, 93328.26215561669 435774.1926500457, 93330.86037633178 435774.6600083674, 93330.51883484624 435778.1882898631, 93327.92054950513 435777.7209425453, 93325.12338037229 435777.3144918719, 93325.4653328163 435773.7862189559);19.334523427358473;1.0;1.0
north;4144;388;LINESTRING (93325.12355352717 435777.3145017176, 93327.92054950513 435777.7209425453, 93330.51880254253 435778.1882952951, 93330.17728053761 435781.7163759698, 93327.5789628996 435781.249034011, 93324.78162062357 435780.8425734483, 93325.12355352717 435777.3145017176);19.334148221181895;1.0000000000000002;1.0000000000000002
north;4144;389;LINESTRING (93324.78179376121 435780.8425833674, 93327.5789628996 435781.249034011, 93330.17724824641 435781.7163812948, 93329.83574555715 435785.2442628619, 93327.2373956346 435784.7769261425, 93324.43988023314 435784.3704556132, 93324.78179376121 435780.8425833674);19.33378222492307;0.9664717205573948;0.9664717205615322
north;4145;387;LINESTRING (93330.86040864792 435774.6600028242, 93333.45862934121 435775.1273611392, 93336.10495178978 435775.3664213429, 93335.76349924394 435778.8947215368, 93333.11708786157 435778.6556426005, 93330.51880254253 435778.1882952951, 93330.86040864792 435774.6600028242);18.74581134650571;0.9334486645395136;0.933448664539243
north;4145;388;LINESTRING (93330.51883484624 435778.1882898631, 93333.11708786157 435778.6556426005, 93335.76345478006 435778.8947121562, 93335.42202170976 435782.422811534, 93332.77556586242 435782.1837232496, 93330.17724824641 435781.7163812948, 93330.51883484624 435778.1882898631);18.74501629858531;0.774754399807934;0.7747543998098769
north;4148;376;LINESTRING (93350.53640596624 435738.122405191, 93353.23339113638 435738.3493749825, 93356.11949084487 435738.8707543631, 93355.77774699098 435742.4003297745, 93352.8918014325 435741.8789901917, 93350.20833763608 435741.6281185878, 93350.53640596624 435738.122405191);19.90792738161235;0.616520738009064;0.9476791828917863
north;4148;377;LINESTRING (93350.1948375933 435741.652015485, 93352.8918014325 435741.8789901917, 93355.77782407276 435742.4003495974, 93355.45314300299 435745.8998396226, 93352.5672608536 435745.3784826294, 93349.87029701527 435745.1514967051, 93350.1948375933 435741.652015485);19.780257369827368;0.9231416207653708;1.0
north;4148;378;LINESTRING (93349.8837970536 435745.1276110513, 93352.5672608536 435745.3784826294, 93355.45320641837 435745.8998221738, 93355.12852275593 435749.3993394002, 93352.24271770654 435748.8780020201, 93349.54577519547 435748.6510112089, 93349.8837970536 435745.1276110513);19.794100815465494;0.703092504652402;0.8929823233283255
north;4149;375;LINESTRING (93356.46110196396 435735.3409182606, 93359.34727870673 435735.8623177386, 93361.68557639979 435736.044729973, 93361.34376250536 435739.5745268345, 93359.00551345106 435739.3921137903, 93356.11949084487 435738.8707543631, 93356.46110196396 435735.3409182606);18.681526038616678;0.6025024802842776;0.986735850633602
north;4149;376;LINESTRING (93356.11941376983 435738.8707344179, 93359.00551345106 435739.3921137903, 93361.34378682464 435739.5745264251, 93361.00199434414 435743.1041025741, 93358.66376960404 435742.9216891706, 93355.77782407276 435742.4003495974, 93356.11941376983 435738.8707344179);18.679993142082175;0.866063434648332;1.0000000000000002
north;4149;377;LINESTRING (93355.77774699098 435742.4003297745, 93358.66376960404 435742.9216891706, 93361.0020186607 435743.1041021813, 93360.67728193264 435746.6035881484, 93358.33908854083 435746.4211791669, 93355.45320641837 435745.8998221738, 93355.77774699098 435742.4003297745);18.510410964273962;0.8900819964071295;1.0
north;4149;378;LINESTRING (93355.45314300299 435745.8998396226, 93358.33908854083 435746.4211791669, 93360.67731328333 435746.6035925433, 93360.35257396525 435750.1031056737, 93358.01440488474 435749.9206963552, 93355.12859986245 435749.3993589808, 93355.45314300299 435745.8998396226);18.51019332298373;0.8440614983837113;1.0
north;4149;379;LINESTRING (93355.12852275593 435749.3993394002, 93358.01440488474 435749.9206963552, 93360.35259827939 435750.1031053143, 93360.01082170435 435753.6325184886, 93357.67267693242 435753.4501088456, 93354.78694901685 435752.9287909649, 93355.12852275593 435749.3993394002);18.678070798640416;0.3086613849230146;0.7491409092006517
north;4150;376;LINESTRING (93361.34376250536 435739.5745268345, 93363.68203586078 435739.7569394643, 93366.70997361538 435739.7355779556, 93366.36778748575 435743.2651741846, 93363.34024338283 435743.2865155879, 93361.0020186607 435743.1041021813, 93361.34376250536 435739.5745268345);18.9947405900334;0.5360210111534812;1.0
north;4150;377;LINESTRING (93361.00199434414 435743.1041025741, 93363.34024338283 435743.2865155879, 93366.36798429862 435743.2651641878, 93366.04294241371 435746.7646369453, 93363.01550665742 435746.7860015237, 93360.67731328333 435746.6035925433, 93361.00199434414 435743.1041025741);18.829851284982155;0.7152324856948924;0.9999999999999998
north;4150;378;LINESTRING (93360.67728193264 435746.6035881484, 93363.01550665742 435746.7860015237, 93366.04305076058 435746.7646600861, 93365.71800631119 435750.264159714, 93362.69076734182 435750.2855146281, 93360.35259827939 435750.1031053143, 93360.67728193264 435746.6035881484);18.829226581328005;0.7478040454687974;1.0
north;4150;379;LINESTRING (93360.35257396525 435750.1031056737, 93362.69076734182 435750.2855146281, 93365.71820309843 435750.2641500123, 93365.37603297862 435753.7935823788, 93362.34899076961 435753.8149277753, 93360.01084601556 435753.632518138, 93360.35257396525 435750.1031056737);18.991805943757317;0.20904640898505322;0.7076126175238057
north;4151;376;LINESTRING (93366.70977677594 435739.7355881005, 93369.73771450049 435739.7142265931, 93372.57662480041 435739.9707932217, 93372.24777068388 435743.4764790021, 93369.39552837152 435743.2438227885, 93366.36798429862 435743.2651641878, 93366.70977677594 435739.7355881005);20.771158249720454;0.5632359337502826;0.9133833807757196
north;4151;377;LINESTRING (93366.36778748575 435743.2651741846, 93369.39552837152 435743.2438227885, 93372.23430790014 435743.5003796648, 93371.90901161751 435746.9998334293, 93369.0704864869 435746.7432955105, 93366.04305076058 435746.7646600861, 93366.36778748575 435743.2651741846);20.605224430487716;0.3569223708739812;0.969728339280417
